muts,s1_c1,s2_c2,s3_c2,s4_c2,s5_c2,s6_c1,s7_c1,s8_c2,s9_c1,s10_c1
1,1,0,0,0,0,1,1,0,1,1
2,1,0,0,0,0,1,1,0,1,1
3,1,0,0,0,0,1,1,0,1,1
4,1,0,0,0,0,1,1,0,1,1
5,1,0,0,0,0,1,1,0,1,1
6,1,0,0,0,0,1,1,0,1,1
7,1,0,0,0,0,1,1,0,1,1
8,1,0,0,0,0,1,1,0,1,1
9,1,0,0,0,0,1,1,0,1,1
10,1,0,0,0,0,1,1,0,1,1
11,1,0,0,0,0,1,1,0,1,1
12,0,0,0,0,0,0,0,0,0,1
13,0,0,0,0,0,0,0,0,0,1
14,0,0,0,0,0,0,0,0,0,0
15,1,0,0,0,0,1,1,0,1,0
16,1,0,0,0,0,1,1,0,1,0
17,1,0,0,0,0,1,1,0,1,0
18,1,0,0,0,0,1,1,0,1,0
19,1,0,0,0,0,1,1,0,1,0
20,1,0,0,0,0,1,1,0,1,0
21,1,0,0,0,0,1,1,0,1,0
22,1,0,0,0,0,1,1,0,1,0
23,1,0,0,0,0,1,1,0,1,0
24,1,0,0,0,0,1,1,0,1,0
25,1,0,0,0,0,1,1,0,1,0
26,1,0,0,0,0,1,1,0,1,0
27,1,0,0,0,0,1,1,0,1,0
28,1,0,0,0,0,1,1,0,1,0
29,1,0,0,0,0,1,1,0,1,0
30,1,0,0,0,0,1,1,0,1,0
31,1,0,0,0,0,1,1,0,1,0
32,1,0,0,0,0,1,1,0,1,0
33,1,0,0,0,0,1,1,0,1,0
34,1,0,0,0,0,1,1,0,1,0
35,1,0,0,0,0,1,1,0,1,0
36,1,0,0,0,0,1,1,0,1,0
37,1,0,0,0,0,1,1,0,1,0
38,1,0,0,0,0,1,1,0,1,0
39,1,0,0,0,0,1,1,0,1,0
40,1,0,0,0,0,1,1,0,1,0
41,1,0,0,0,0,1,1,0,1,0
42,1,0,0,0,0,1,1,0,1,0
43,1,0,0,0,0,1,1,0,1,0
44,1,0,0,0,0,1,1,0,1,0
45,1,0,0,0,0,1,1,0,1,0
46,1,0,0,0,0,1,1,0,1,0
47,1,0,0,0,0,1,1,0,1,0
48,1,0,0,0,0,1,1,0,1,0
49,1,0,0,0,0,1,1,0,1,0
50,1,0,0,0,0,1,1,0,1,0
51,1,0,0,0,0,1,1,0,1,0
52,1,0,0,0,0,1,1,0,1,0
53,1,0,0,0,0,1,1,0,1,0
54,1,0,0,0,0,1,1,0,1,0
55,1,0,0,0,0,1,1,0,1,0
56,1,0,0,0,0,1,1,0,1,0
57,1,0,0,0,0,1,1,0,1,0
58,1,0,0,0,0,1,1,0,1,0
59,1,0,0,0,0,1,1,0,1,0
60,1,0,0,0,0,1,1,0,1,0
61,1,0,0,0,0,1,1,0,1,0
62,1,0,0,0,0,1,1,0,1,0
63,1,0,0,0,0,1,1,0,1,0
64,1,0,0,0,0,1,1,0,1,0
65,1,0,0,0,0,1,1,0,1,0
66,1,0,0,0,0,1,1,0,1,0
67,1,0,0,0,0,1,1,0,1,0
68,1,0,0,0,0,1,1,0,1,0
69,1,0,0,0,0,1,1,0,1,0
70,1,0,0,0,0,1,1,0,1,0
71,1,0,0,0,0,1,1,0,0,0
72,1,0,0,0,0,1,1,0,0,0
73,1,0,0,0,0,1,1,0,0,0
74,1,0,0,0,0,1,1,0,0,0
75,1,0,0,0,0,1,1,0,0,0
76,1,0,0,0,0,1,1,0,0,0
77,1,0,0,0,0,1,1,0,0,0
78,1,0,0,0,0,1,1,0,0,0
79,1,0,0,0,0,1,1,0,0,0
80,1,0,0,0,0,1,1,0,0,0
81,1,0,0,0,0,1,1,0,0,0
82,1,0,0,0,0,1,1,0,0,0
83,1,0,0,0,0,1,1,0,0,0
84,1,0,0,0,0,1,1,0,0,0
85,1,0,0,0,0,1,1,0,0,0
86,1,0,0,0,0,1,1,0,0,0
87,0,0,0,0,0,0,1,0,0,0
88,0,0,0,0,0,0,1,0,0,0
89,0,0,0,0,0,0,1,0,0,0
90,0,0,0,0,0,0,1,0,0,0
91,1,0,0,0,0,1,0,0,0,0
92,1,0,0,0,0,1,0,0,0,0
93,1,0,0,0,0,1,0,0,0,0
94,1,0,0,0,0,1,0,0,0,0
95,1,0,0,0,0,1,0,0,0,0
96,1,0,0,0,0,1,0,0,0,0
97,1,0,0,0,0,1,0,0,0,0
98,1,0,0,0,0,1,0,0,0,0
99,1,0,0,0,0,1,0,0,0,0
100,1,0,0,0,0,1,0,0,0,0
101,1,0,0,0,0,1,0,0,0,0
102,1,0,0,0,0,1,0,0,0,0
103,1,0,0,0,0,1,0,0,0,0
104,1,0,0,0,0,1,0,0,0,0
105,1,0,0,0,0,1,0,0,0,0
106,1,0,0,0,0,1,0,0,0,0
107,1,0,0,0,0,1,0,0,0,0
108,1,0,0,0,0,1,0,0,0,0
109,1,0,0,0,0,1,0,0,0,0
110,1,0,0,0,0,1,0,0,0,0
111,1,0,0,0,0,1,0,0,0,0
112,1,0,0,0,0,1,0,0,0,0
113,1,0,0,0,0,1,0,0,0,0
114,1,0,0,0,0,1,0,0,0,0
115,1,0,0,0,0,1,0,0,0,0
116,0,0,0,0,0,1,0,0,0,0
117,0,0,0,0,0,0,0,0,0,0
118,0,0,0,0,0,0,0,0,0,0
119,0,0,0,0,0,0,0,0,0,0
120,0,0,0,0,0,0,0,0,0,0
121,0,0,0,0,0,0,0,0,0,0
122,0,0,0,0,0,0,0,0,0,0
123,0,0,0,0,0,0,0,0,0,0
124,0,0,0,0,0,0,0,0,0,0
125,0,0,0,0,0,0,0,0,0,0
126,0,0,0,0,0,0,0,0,0,0
127,0,0,0,0,0,0,0,0,0,0
128,0,0,0,0,0,0,0,0,0,0
129,0,0,0,0,0,0,0,0,0,0
130,0,0,0,0,0,0,0,0,0,0
131,0,0,0,0,0,0,0,0,0,0
132,0,0,0,0,0,0,0,0,0,0
133,0,0,0,0,0,0,0,0,0,0
134,0,0,0,0,0,0,0,0,0,0
135,0,0,0,0,0,0,0,0,0,0
136,0,0,0,0,0,0,0,0,0,0
137,0,1,1,1,1,0,0,1,0,0
138,0,1,1,1,1,0,0,1,0,0
139,0,1,1,1,1,0,0,1,0,0
140,0,1,1,1,1,0,0,1,0,0
141,0,1,1,1,1,0,0,1,0,0
142,0,1,1,1,1,0,0,1,0,0
143,0,1,1,1,1,0,0,1,0,0
144,0,1,1,1,1,0,0,1,0,0
145,0,1,1,1,1,0,0,1,0,0
146,0,0,0,0,0,0,0,0,0,0
147,0,0,0,0,0,0,0,0,0,0
148,0,0,0,0,0,0,0,0,0,0
149,0,0,0,0,0,0,0,0,0,0
150,0,0,0,0,0,0,0,0,0,0
151,0,0,0,0,0,0,0,0,0,0
152,0,0,0,0,0,0,0,0,0,0
153,0,0,0,0,0,0,0,0,0,0
154,0,1,1,1,1,0,0,1,0,0
155,0,1,1,1,1,0,0,1,0,0
156,0,1,1,1,1,0,0,1,0,0
157,0,1,1,1,1,0,0,1,0,0
158,0,1,1,1,1,0,0,1,0,0
159,0,1,1,1,1,0,0,1,0,0
160,0,1,1,1,1,0,0,1,0,0
161,0,1,1,1,1,0,0,1,0,0
162,0,1,1,1,1,0,0,1,0,0
163,0,1,1,1,1,0,0,1,0,0
164,0,1,1,1,1,0,0,1,0,0
165,0,1,1,1,1,0,0,1,0,0
166,0,1,1,1,1,0,0,1,0,0
167,0,1,1,1,1,0,0,1,0,0
168,0,1,1,1,1,0,0,1,0,0
169,0,1,1,1,1,0,0,1,0,0
170,0,1,1,1,1,0,0,1,0,0
171,0,1,1,1,1,0,0,1,0,0
172,0,1,1,1,1,0,0,1,0,0
173,0,1,1,1,1,0,0,1,0,0
174,0,1,1,1,1,0,0,1,0,0
175,0,1,1,1,1,0,0,1,0,0
176,0,1,1,1,0,0,0,1,0,0
177,0,1,1,1,0,0,0,1,0,0
178,0,1,1,1,0,0,0,1,0,0
179,0,1,1,1,0,0,0,1,0,0
180,0,1,1,1,0,0,0,1,0,0
181,0,1,1,1,0,0,0,1,0,0
182,0,1,1,1,0,0,0,1,0,0
183,0,1,1,1,0,0,0,1,0,0
184,0,1,1,1,0,0,0,1,0,0
185,0,1,1,1,0,0,0,1,0,0
186,0,1,1,1,0,0,0,1,0,0
187,0,1,1,1,0,0,0,1,0,0
188,0,1,1,1,0,0,0,1,0,0
189,0,1,1,1,0,0,0,1,0,0
190,0,1,1,1,0,0,0,1,0,0
191,0,1,1,1,0,0,0,1,0,0
192,0,1,1,1,0,0,0,1,0,0
193,0,1,1,1,0,0,0,1,0,0
194,0,1,1,1,0,0,0,1,0,0
195,0,1,1,1,0,0,0,1,0,0
196,0,1,1,1,0,0,0,1,0,0
197,0,1,1,1,0,0,0,1,0,0
198,0,1,1,1,0,0,0,1,0,0
199,0,1,1,1,0,0,0,1,0,0
200,0,1,1,1,0,0,0,1,0,0
201,0,1,1,1,0,0,0,1,0,0
202,0,1,1,1,0,0,0,1,0,0
203,0,1,1,1,0,0,0,1,0,0
204,0,1,1,1,0,0,0,1,0,0
205,0,1,1,1,0,0,0,1,0,0
206,0,1,1,1,0,0,0,1,0,0
207,0,1,1,1,0,0,0,1,0,0
208,0,1,1,1,0,0,0,1,0,0
209,0,1,1,1,0,0,0,1,0,0
210,0,1,1,1,0,0,0,1,0,0
211,0,1,1,1,0,0,0,1,0,0
212,0,1,1,1,0,0,0,1,0,0
213,0,1,1,1,0,0,0,1,0,0
214,0,1,1,1,0,0,0,1,0,0
215,0,0,0,1,0,0,0,0,0,0
216,0,0,0,1,0,0,0,0,0,0
217,0,0,0,1,0,0,0,0,0,0
218,0,1,1,0,0,0,0,1,0,0
219,0,1,1,0,0,0,0,1,0,0
220,0,1,1,0,0,0,0,1,0,0
221,0,1,1,0,0,0,0,1,0,0
222,0,1,1,0,0,0,0,1,0,0
223,0,1,1,0,0,0,0,1,0,0
224,0,1,1,0,0,0,0,1,0,0
225,0,1,1,0,0,0,0,1,0,0
226,0,0,0,0,0,0,0,1,0,0
227,0,1,1,0,0,0,0,0,0,0
228,0,1,1,0,0,0,0,0,0,0
229,0,1,1,0,0,0,0,0,0,0
230,0,1,1,0,0,0,0,0,0,0
231,0,1,1,0,0,0,0,0,0,0
232,0,1,1,0,0,0,0,0,0,0
233,0,1,1,0,0,0,0,0,0,0
234,0,1,1,0,0,0,0,0,0,0
235,0,1,1,0,0,0,0,0,0,0
236,0,1,1,0,0,0,0,0,0,0
237,0,1,1,0,0,0,0,0,0,0
238,0,1,1,0,0,0,0,0,0,0
239,0,1,1,0,0,0,0,0,0,0
240,0,1,1,0,0,0,0,0,0,0
241,0,1,1,0,0,0,0,0,0,0
242,0,1,1,0,0,0,0,0,0,0
243,0,1,1,0,0,0,0,0,0,0
244,0,1,1,0,0,0,0,0,0,0
245,0,1,1,0,0,0,0,0,0,0
246,0,1,1,0,0,0,0,0,0,0
247,0,1,1,0,0,0,0,0,0,0
248,0,1,1,0,0,0,0,0,0,0
249,0,1,1,0,0,0,0,0,0,0
250,0,1,1,0,0,0,0,0,0,0
251,0,1,1,0,0,0,0,0,0,0
252,0,1,0,0,0,0,0,0,0,0
253,0,1,0,0,0,0,0,0,0,0
254,0,1,0,0,0,0,0,0,0,0
255,0,1,0,0,0,0,0,0,0,0
256,0,1,0,0,0,0,0,0,0,0
257,0,1,0,0,0,0,0,0,0,0
258,0,1,0,0,0,0,0,0,0,0
259,0,1,0,0,0,0,0,0,0,0
260,0,1,0,0,0,0,0,0,0,0
261,0,1,0,0,0,0,0,0,0,0
262,0,1,0,0,0,0,0,0,0,0
263,0,1,0,0,0,0,0,0,0,0
264,0,1,0,0,0,0,0,0,0,0
265,0,1,0,0,0,0,0,0,0,0
266,0,1,0,0,0,0,0,0,0,0
267,0,1,0,0,0,0,0,0,0,0
268,0,1,0,0,0,0,0,0,0,0
269,0,0,0,0,0,0,0,0,0,0
270,0,0,0,0,0,0,0,0,0,0
271,0,0,0,0,0,0,0,0,0,0
272,0,0,0,0,0,0,0,0,0,0
273,0,1,0,0,0,0,0,0,0,0
274,0,1,0,0,0,0,0,0,0,0
275,0,1,0,0,0,0,0,0,0,0
276,0,1,0,0,0,0,0,0,0,0
277,0,1,0,0,0,0,0,0,0,0
278,0,1,0,0,0,0,0,0,0,0
279,0,1,0,0,0,0,0,0,0,0
280,0,1,0,0,0,0,0,0,0,0
281,0,0,0,0,0,0,0,0,0,0
282,0,0,0,0,0,0,0,0,0,0
283,0,0,0,0,0,0,0,0,0,0
284,0,0,0,0,0,0,0,0,0,0
285,0,0,0,0,0,0,0,0,0,0
286,0,0,0,0,0,0,0,0,0,0
287,0,0,0,0,0,0,0,0,0,0
288,0,0,0,0,0,0,0,0,0,0
289,0,0,0,0,0,0,0,0,0,0
290,0,0,0,0,0,0,0,0,0,0
291,0,0,0,0,0,0,0,0,0,0
292,0,0,0,0,0,0,0,0,0,0
293,0,0,0,0,0,0,0,0,0,0
294,0,0,0,0,0,0,0,0,0,0
295,0,0,0,0,0,0,0,0,0,0
296,0,0,0,0,0,0,0,0,0,0
297,0,0,0,0,0,0,0,0,0,0
298,0,0,0,0,0,0,0,0,0,0
299,0,0,0,0,0,0,0,0,0,0
300,0,0,0,0,0,0,0,0,0,0
301,0,0,0,0,0,0,0,0,0,0
302,0,0,0,0,0,0,0,0,0,0
303,0,0,0,0,0,0,0,0,0,0
304,0,0,0,0,0,0,0,0,0,0
305,0,0,0,0,0,0,0,0,0,0
306,0,0,0,0,1,0,0,0,0,0
307,0,0,0,0,1,0,0,0,0,0
308,0,0,0,0,1,0,0,0,0,0
309,0,0,0,0,1,0,0,0,0,0
310,0,0,0,0,1,0,0,0,0,0
311,0,0,0,0,1,0,0,0,0,0
312,0,0,0,0,1,0,0,0,0,0
313,0,0,0,0,1,0,0,0,0,0
314,0,0,0,0,1,0,0,0,0,0
315,0,0,0,0,1,0,0,0,0,0
316,0,0,0,0,1,0,0,0,0,0
317,0,0,0,0,1,0,0,0,0,0
318,0,0,0,0,1,0,0,0,0,0
319,0,0,0,0,1,0,0,0,0,0
320,0,0,0,0,1,0,0,0,0,0
321,0,0,0,0,1,0,0,0,0,0
322,0,0,0,0,0,0,0,0,0,0
323,0,0,0,0,0,0,0,0,0,0
324,0,0,0,0,0,0,0,0,0,0
325,0,0,0,0,0,0,0,0,0,0
326,0,0,0,0,0,0,0,0,0,0
