muts,s1_c1,s2_c2,s3_c1,s4_c2,s5_c2,s6_c1,s7_c2,s8_c1,s9_c1,s10_c1
1,1,1,1,1,1,1,1,1,1,1
2,1,1,1,1,1,1,1,1,1,1
3,1,1,1,1,1,1,1,1,1,1
4,1,1,1,1,1,1,1,1,1,1
5,1,1,1,1,1,1,1,1,1,1
6,1,1,1,1,1,1,1,1,1,1
7,1,1,1,1,1,1,1,1,1,1
8,1,1,1,1,1,1,1,1,1,1
9,1,1,1,1,1,1,1,1,1,1
10,1,1,1,1,1,1,1,1,1,1
11,1,1,1,1,1,1,1,1,1,1
12,1,1,1,1,1,1,1,1,1,1
13,1,1,1,1,1,1,1,1,1,1
14,1,1,1,1,1,1,1,1,1,1
15,1,1,1,1,1,1,1,1,1,1
16,1,1,1,1,1,1,1,1,1,1
17,1,1,1,1,1,1,1,1,1,1
18,1,1,1,1,1,1,1,1,1,1
19,1,1,1,1,1,1,1,1,1,1
20,1,1,1,1,1,1,1,1,1,1
21,1,1,1,1,1,1,1,1,1,1
22,1,1,1,1,1,1,1,1,1,1
23,1,1,1,1,1,1,1,1,1,1
24,1,1,1,1,1,1,1,1,1,1
25,1,1,1,1,1,1,1,1,1,1
26,1,1,1,1,1,1,1,1,1,1
27,1,1,1,1,1,1,1,1,1,1
28,1,1,1,1,1,1,1,1,1,1
29,1,1,1,1,1,1,1,1,1,1
30,1,1,1,1,1,1,1,1,1,1
31,1,1,1,1,1,1,1,1,1,1
32,1,1,1,1,1,1,1,1,1,1
33,1,1,1,1,1,1,1,1,1,1
34,1,1,1,1,1,1,1,1,1,1
35,1,1,1,1,1,1,1,1,1,1
36,1,1,1,1,1,1,1,1,1,1
37,1,1,1,1,1,1,1,1,1,1
38,1,1,1,1,1,1,1,1,1,1
39,1,1,1,1,1,1,1,1,1,1
40,1,1,1,1,1,1,1,1,1,1
41,1,1,1,1,1,1,1,1,1,1
42,1,1,1,1,1,1,1,1,1,1
43,1,1,1,1,1,1,1,1,1,1
44,1,1,1,1,1,1,1,1,1,1
45,1,1,1,1,1,1,1,1,1,1
46,1,1,1,1,1,1,1,1,1,1
47,1,1,1,1,1,1,1,1,1,1
48,1,1,1,1,1,1,1,1,1,1
49,1,1,1,1,1,1,1,1,1,1
50,1,1,1,1,1,1,1,1,1,1
51,1,1,1,1,1,1,1,1,1,1
52,1,1,1,1,1,1,1,1,1,1
53,1,1,1,1,1,1,1,1,1,1
54,1,1,1,1,1,1,1,1,1,1
55,1,1,1,1,1,1,1,1,1,1
56,1,1,1,1,1,1,1,1,1,1
57,1,1,1,1,1,1,1,1,1,1
58,1,1,1,1,1,1,1,1,1,1
59,1,1,1,1,1,1,1,1,1,1
60,1,1,1,1,1,1,1,1,1,1
61,1,1,1,1,1,1,1,1,1,1
62,1,1,1,1,1,1,1,1,1,1
63,1,1,1,1,1,1,1,1,1,1
64,1,1,1,1,1,1,1,1,1,1
65,1,1,1,1,1,1,1,1,1,1
66,1,1,1,1,1,1,1,1,1,1
67,1,1,1,1,1,1,1,1,1,1
68,1,1,1,1,1,1,1,1,1,1
69,1,1,1,1,1,1,1,1,1,1
70,1,1,1,1,1,1,1,1,1,1
71,1,1,1,1,1,1,1,1,1,1
72,1,1,1,1,1,1,1,1,1,1
73,1,1,1,1,1,1,1,1,1,1
74,1,1,1,1,1,1,1,1,1,1
75,1,1,1,1,1,1,1,1,1,1
76,1,1,1,1,1,1,1,1,1,1
77,1,1,1,1,1,1,1,1,1,1
78,1,1,1,1,1,1,1,1,1,1
79,1,1,1,1,1,1,1,1,1,1
80,1,1,1,1,1,1,1,1,1,1
81,1,1,1,1,1,1,1,1,1,1
82,1,1,1,1,1,1,1,1,1,1
83,1,1,1,1,1,1,1,1,1,1
84,1,1,1,1,1,1,1,1,1,1
85,1,1,1,1,1,1,1,1,1,1
86,1,1,1,1,1,1,1,1,1,1
87,1,1,1,1,1,1,1,1,1,1
88,1,1,1,1,1,1,1,1,1,1
89,1,1,1,1,1,1,1,1,1,1
90,1,1,1,1,1,1,1,1,1,1
91,1,1,1,1,1,1,1,1,1,1
92,1,1,1,1,1,1,1,1,1,1
93,1,1,1,1,1,1,1,1,1,1
94,1,1,1,1,1,1,1,1,1,1
95,1,1,1,1,1,1,1,1,1,1
96,1,1,1,1,1,1,1,1,1,1
97,1,1,1,1,1,1,1,1,1,1
98,1,1,1,1,1,1,1,1,1,1
99,1,1,1,1,1,1,1,1,1,1
100,1,1,1,1,1,1,1,1,1,1
101,1,1,1,1,1,1,1,1,1,1
102,1,1,1,1,1,1,1,1,1,1
103,1,1,1,1,1,1,1,1,1,1
104,1,1,1,1,1,1,1,1,1,1
105,1,1,1,1,1,1,1,1,1,1
106,1,1,1,1,1,1,1,1,1,1
107,1,1,1,1,1,1,1,1,1,1
108,1,1,1,1,1,1,1,1,1,1
109,1,1,1,1,1,1,1,1,1,1
110,1,1,1,1,1,1,1,1,1,1
111,1,1,1,1,1,1,1,1,1,1
112,1,1,1,1,1,1,1,1,1,1
113,1,1,1,1,1,1,1,1,1,1
114,1,1,1,1,1,1,1,1,1,1
115,1,1,1,1,1,1,1,1,1,1
116,1,1,1,1,1,1,1,1,1,1
117,1,1,1,1,1,1,1,1,1,1
118,1,1,1,1,1,1,1,1,1,1
119,1,1,1,1,1,1,1,1,1,1
120,1,1,1,1,1,1,1,1,1,1
121,1,1,1,1,1,1,1,1,1,1
122,1,1,1,1,1,1,1,1,1,1
123,1,1,1,1,1,1,1,1,1,1
124,1,1,1,1,1,1,1,1,1,1
125,1,1,1,1,1,1,1,1,1,1
126,1,1,1,1,1,1,1,1,1,1
127,1,1,1,1,1,1,1,1,1,1
128,1,1,1,1,1,1,1,1,1,1
129,1,1,1,1,1,1,1,1,1,1
130,1,1,1,1,1,1,1,1,1,1
131,1,1,1,1,1,1,1,1,1,1
132,1,1,1,1,1,1,1,1,1,1
133,1,1,1,1,1,1,1,1,1,1
134,1,1,1,1,1,1,1,1,1,1
135,1,1,1,1,1,1,1,1,1,1
136,1,1,1,1,1,1,1,1,1,1
137,1,1,1,1,1,1,1,1,1,1
138,1,1,1,1,1,1,1,1,1,1
139,1,1,1,1,1,1,1,1,1,1
140,1,1,1,1,1,1,1,1,1,1
141,1,1,1,1,1,1,1,1,1,1
142,1,1,1,1,1,1,1,1,1,1
143,1,1,1,1,1,1,1,1,1,1
144,1,1,1,1,1,1,1,1,1,1
145,1,1,1,1,1,1,1,1,1,1
146,1,1,1,1,1,1,1,1,1,1
147,1,1,1,1,1,1,1,1,1,1
148,1,1,1,1,1,1,1,1,1,1
149,1,1,1,1,1,1,1,1,1,1
150,1,1,1,1,1,1,1,1,1,1
151,1,1,1,1,1,1,1,1,1,1
152,1,1,1,1,1,1,1,1,1,1
153,1,1,1,1,1,1,1,1,1,1
154,1,1,1,1,1,1,1,1,1,1
155,1,1,1,1,1,1,1,1,1,1
156,1,1,1,1,1,1,1,1,1,1
157,1,1,1,1,1,1,1,1,1,1
158,1,1,1,1,1,1,1,1,1,1
159,1,1,1,1,1,1,1,1,1,1
160,1,1,1,1,1,1,1,1,1,1
161,1,1,1,1,1,1,1,1,1,1
162,1,1,1,1,1,1,1,1,1,1
163,1,1,1,1,1,1,1,1,1,1
164,1,1,1,1,1,1,1,1,1,1
165,1,1,1,1,1,1,1,1,1,1
166,1,1,1,1,1,1,1,1,1,1
167,1,1,1,1,1,1,1,1,1,1
168,1,1,1,1,1,1,1,1,1,1
169,1,1,1,1,1,1,1,1,1,1
170,1,1,1,1,1,1,1,1,1,1
171,1,1,1,1,1,1,1,1,1,1
172,1,1,1,1,1,1,1,1,1,1
173,1,1,1,1,1,1,1,1,1,1
174,1,1,1,1,1,1,1,1,1,1
175,1,1,1,1,1,1,1,1,1,1
176,1,1,1,1,1,1,1,1,1,1
177,1,1,1,1,1,1,1,1,1,1
178,1,1,1,1,1,1,1,1,1,1
179,1,1,1,1,1,1,1,1,1,1
180,1,1,1,1,1,1,1,1,1,1
181,1,1,1,1,1,1,1,1,1,1
182,1,1,1,1,1,1,1,1,1,1
183,1,1,1,1,1,1,1,1,1,1
184,1,1,1,1,1,1,1,1,1,1
185,1,1,1,1,1,1,1,1,1,1
186,1,1,1,1,1,1,1,1,1,1
187,1,1,1,1,1,1,1,1,1,1
188,1,1,1,1,1,1,1,1,1,1
189,1,1,1,1,1,1,1,1,1,1
190,1,1,1,1,1,1,1,1,1,1
191,1,1,1,1,1,1,1,1,1,1
192,1,1,1,1,1,1,1,1,1,1
193,1,1,1,1,1,1,1,1,1,1
194,1,1,1,1,1,1,1,1,1,1
195,1,1,1,1,1,1,1,1,1,1
196,1,1,1,1,1,1,1,1,1,1
197,1,1,1,1,1,1,1,1,1,1
198,1,1,1,1,1,1,1,1,1,1
199,1,1,1,1,1,1,1,1,1,1
200,1,1,1,1,1,1,1,1,1,1
201,1,1,1,1,1,1,1,1,1,1
202,1,1,1,1,1,1,1,1,1,1
203,1,1,1,1,1,1,1,1,1,1
204,1,1,1,1,1,1,1,1,1,1
205,1,1,1,1,1,1,1,1,1,1
206,1,1,1,1,1,1,1,1,1,1
207,1,1,1,1,1,1,1,1,1,1
208,1,1,1,1,1,1,1,1,1,1
209,1,1,1,1,1,1,1,1,1,1
210,1,1,1,1,1,1,1,1,1,1
211,1,1,1,1,1,1,1,1,1,1
212,1,1,1,1,1,1,1,1,1,1
213,1,1,1,1,1,1,1,1,1,1
214,1,1,1,1,1,1,1,1,1,1
215,1,1,1,1,1,1,1,1,1,1
216,1,1,1,1,1,1,1,1,1,1
217,1,1,1,1,1,1,1,1,1,1
218,1,1,1,1,1,1,1,1,1,1
219,1,1,1,1,1,1,1,1,1,1
220,1,1,1,1,1,1,1,1,1,1
221,1,1,1,1,1,1,1,1,1,1
222,1,1,1,1,1,1,1,1,1,1
223,1,1,1,1,1,1,1,1,1,1
224,1,1,1,1,1,1,1,1,1,1
225,1,1,1,1,1,1,1,1,1,1
226,1,1,1,1,1,1,1,1,1,1
227,1,1,1,1,1,1,1,1,1,1
228,1,1,1,1,1,1,1,1,1,1
229,1,1,1,1,1,1,1,1,1,1
230,1,1,1,1,1,1,1,1,1,1
231,1,1,1,1,1,1,1,1,1,1
232,1,1,1,1,1,1,1,1,1,1
233,1,1,1,1,1,1,1,1,1,1
234,1,1,1,1,1,1,1,1,1,1
235,1,1,1,1,1,1,1,1,1,1
236,1,1,1,1,1,1,1,1,1,1
237,1,1,1,1,1,1,1,1,1,1
238,1,1,1,1,1,1,1,1,1,1
239,1,1,1,1,1,1,1,1,1,1
240,1,1,1,1,1,1,1,1,1,1
241,1,1,1,1,1,1,1,1,1,1
242,1,1,1,1,1,1,1,1,1,1
243,1,1,1,1,1,1,1,1,1,1
244,1,1,1,1,1,1,1,1,1,1
245,1,1,1,1,1,1,1,1,1,1
246,1,1,1,1,1,1,1,1,1,1
247,1,1,1,1,1,1,1,1,1,1
248,1,1,1,1,1,1,1,1,1,1
249,1,1,1,1,1,1,1,1,1,1
250,1,1,1,1,1,1,1,1,1,1
251,1,1,1,1,1,1,1,1,1,1
252,1,1,1,1,1,1,1,1,1,1
253,1,1,1,1,1,1,1,1,1,1
254,1,1,1,1,1,1,1,1,1,1
255,1,1,1,1,1,1,1,1,1,1
256,1,1,1,1,1,1,1,1,1,1
257,1,1,1,1,1,1,1,1,1,1
258,1,1,1,1,1,1,1,1,1,1
259,1,1,1,1,1,1,1,1,1,1
260,1,1,1,1,1,1,1,1,1,1
261,1,1,1,1,1,1,1,1,1,1
262,1,1,1,1,1,1,1,1,1,1
263,1,1,1,1,1,1,1,1,1,1
264,1,1,1,1,1,1,1,1,1,1
265,1,1,1,1,1,1,1,1,1,1
266,1,1,1,1,1,1,1,1,1,1
267,1,1,1,1,1,1,1,1,1,1
268,1,1,1,1,1,1,1,1,1,1
269,1,1,1,1,1,1,1,1,1,1
270,1,1,1,1,1,1,1,1,1,1
271,1,1,1,1,1,1,1,1,1,1
272,1,1,1,1,1,1,1,1,1,1
273,1,1,1,1,1,1,1,1,1,1
274,1,1,1,1,1,1,1,1,1,1
275,1,1,1,1,1,1,1,1,1,1
276,1,1,1,1,1,1,1,1,1,1
277,1,1,1,1,1,1,1,1,1,1
278,1,1,1,1,1,1,1,1,1,1
279,1,1,1,1,1,1,1,1,1,1
280,1,1,1,1,1,1,1,1,1,1
281,1,1,1,1,1,1,1,1,1,1
282,1,1,1,1,1,1,1,1,1,1
283,1,1,1,1,1,1,1,1,1,1
284,1,1,1,1,1,1,1,1,1,1
285,1,1,1,1,1,1,1,1,1,1
286,1,1,1,1,1,1,1,1,1,1
287,1,1,1,1,1,1,1,1,1,1
288,1,1,1,1,1,1,1,1,1,1
289,1,1,1,1,1,1,1,1,1,1
290,1,1,1,1,1,1,1,1,1,1
291,1,1,1,1,1,1,1,1,1,1
292,1,1,1,1,1,1,1,1,1,1
293,1,1,1,1,1,1,1,1,1,1
294,1,1,1,1,1,1,1,1,1,1
295,1,1,1,1,1,1,1,1,1,1
296,1,1,1,1,1,1,1,1,1,1
297,1,1,1,1,1,1,1,1,1,1
298,1,1,1,1,1,1,1,1,1,1
299,1,1,1,1,1,1,1,1,1,1
300,1,1,1,1,1,1,1,1,1,1
301,1,1,1,1,1,1,1,1,1,1
302,1,1,1,1,1,1,1,1,1,1
303,1,1,1,1,1,1,1,1,1,1
304,1,1,1,1,1,1,1,1,1,1
305,1,1,1,1,1,1,1,1,1,1
306,1,1,1,1,1,1,1,1,1,1
307,1,1,1,1,1,1,1,1,1,1
308,1,1,1,1,1,1,1,1,1,1
309,1,1,1,1,1,1,1,1,1,1
310,1,1,1,1,1,1,1,1,1,1
311,1,1,1,1,1,1,1,1,1,1
312,1,1,1,1,1,1,1,1,1,1
313,1,1,1,1,1,1,1,1,1,1
314,1,1,1,1,1,1,1,1,1,1
315,1,1,1,1,1,1,1,1,1,1
316,1,1,1,1,1,1,1,1,1,1
317,1,1,1,1,1,1,1,1,1,1
318,1,1,1,1,1,1,1,1,1,1
319,1,1,1,1,1,1,1,1,1,1
320,1,1,1,1,1,1,1,1,1,1
321,1,1,1,1,1,1,1,1,1,1
322,1,1,1,1,1,1,1,1,1,1
323,1,1,1,1,1,1,1,1,1,1
324,1,1,1,1,1,1,1,1,1,1
325,1,1,1,1,1,1,1,1,1,1
326,1,1,1,1,1,1,1,1,1,1
327,1,1,1,1,1,1,1,1,1,1
328,1,1,1,1,1,1,1,1,1,1
329,1,1,1,1,1,1,1,1,1,1
330,1,1,1,1,1,1,1,1,1,1
331,1,1,1,1,1,1,1,1,1,1
332,1,1,1,1,1,1,1,1,1,1
333,1,1,1,1,1,1,1,1,1,1
334,1,1,1,1,1,1,1,1,1,1
335,1,1,1,1,1,1,1,1,1,1
336,1,1,1,1,1,1,1,1,1,1
337,1,1,1,1,1,1,1,1,1,1
338,1,1,1,1,1,1,1,1,1,1
339,1,1,1,1,1,1,1,1,1,1
340,1,1,1,1,1,1,1,1,1,1
341,1,1,1,1,1,1,1,1,1,1
342,1,1,1,1,1,1,1,1,1,1
343,1,1,1,1,1,1,1,1,1,1
344,1,1,1,1,1,1,1,1,1,1
345,1,1,1,1,1,1,1,1,1,1
346,1,1,1,1,1,1,1,1,1,1
347,1,1,1,1,1,1,1,1,1,1
348,1,1,1,1,1,1,1,1,1,1
349,1,1,1,1,1,1,1,1,1,1
350,1,1,1,1,1,1,1,1,1,1
351,1,1,1,1,1,1,1,1,1,1
352,1,1,1,1,1,1,1,1,1,1
353,1,1,1,1,1,1,1,1,1,1
354,1,1,1,1,1,1,1,1,1,1
355,1,1,1,1,1,1,1,1,1,1
356,1,1,1,1,1,1,1,1,1,1
357,1,1,1,1,1,1,1,1,1,1
358,1,1,1,1,1,1,1,1,1,1
359,1,1,1,1,1,1,1,1,1,1
360,1,1,1,1,1,1,1,1,1,1
361,1,1,1,1,1,1,1,1,1,1
362,1,1,1,1,1,1,1,1,1,1
363,1,1,1,1,1,1,1,1,1,1
364,1,1,1,1,1,1,1,1,1,1
365,1,1,1,1,1,1,1,1,1,1
366,1,1,1,1,1,1,1,1,1,1
367,1,1,1,1,1,1,1,1,1,1
368,1,1,1,1,1,1,1,1,1,1
369,1,1,1,1,1,1,1,1,1,1
370,1,1,1,1,1,1,1,1,1,1
371,1,1,1,1,1,1,1,1,1,1
372,1,1,1,1,1,1,1,1,1,1
373,1,1,1,1,1,1,1,1,1,1
374,1,1,1,1,1,1,1,1,1,1
375,1,1,1,1,1,1,1,1,1,1
376,1,1,1,1,1,1,1,1,1,1
377,1,1,1,1,1,1,1,1,1,1
378,1,1,1,1,1,1,1,1,1,1
379,1,1,1,1,1,1,1,1,1,1
380,1,1,1,1,1,1,1,1,1,1
381,1,1,1,1,1,1,1,1,1,1
382,1,1,1,1,1,1,1,1,1,1
383,1,1,1,1,1,1,1,1,1,1
384,1,1,1,1,1,1,1,1,1,1
385,1,1,1,1,1,1,1,1,1,1
386,1,1,1,1,1,1,1,1,1,1
387,1,1,1,1,1,1,1,1,1,1
388,1,1,1,1,1,1,1,1,1,1
389,1,1,1,1,1,1,1,1,1,1
390,1,1,1,1,1,1,1,1,1,1
391,1,1,1,1,1,1,1,1,1,1
392,1,1,1,1,1,1,1,1,1,1
393,1,1,1,1,1,1,1,1,1,1
394,1,1,1,1,1,1,1,1,1,1
395,1,1,1,1,1,1,1,1,1,1
396,1,1,1,1,1,1,1,1,1,1
397,1,1,1,1,1,1,1,1,1,1
398,1,1,1,1,1,1,1,1,1,1
399,1,1,1,1,1,1,1,1,1,1
400,1,1,1,1,1,1,1,1,1,1
401,1,1,1,1,1,1,1,1,1,1
402,1,1,1,1,1,1,1,1,1,1
403,1,1,1,1,1,1,1,1,1,1
404,1,1,1,1,1,1,1,1,1,1
405,1,1,1,1,1,1,1,1,1,1
406,1,1,1,1,1,1,1,1,1,1
407,1,1,1,1,1,1,1,1,1,1
408,1,1,1,1,1,1,1,1,1,1
409,1,1,1,1,1,1,1,1,1,1
410,1,1,1,1,1,1,1,1,1,1
411,1,1,1,1,1,1,1,1,1,1
412,1,1,1,1,1,1,1,1,1,1
413,1,1,1,1,1,1,1,1,1,1
414,1,1,1,1,1,1,1,1,1,1
415,1,1,1,1,1,1,1,1,1,1
416,1,1,1,1,1,1,1,1,1,1
417,1,1,1,1,1,1,1,1,1,1
418,1,1,1,1,1,1,1,1,1,1
419,1,1,1,1,1,1,1,1,1,1
420,1,1,1,1,1,1,1,1,1,1
421,1,1,1,1,1,1,1,1,1,1
422,1,1,1,1,1,1,1,1,1,1
423,1,1,1,1,1,1,1,1,1,1
424,1,1,1,1,1,1,1,1,1,1
425,1,1,1,1,1,1,1,1,1,1
426,1,1,1,1,1,1,1,1,1,1
427,1,1,1,1,1,1,1,1,1,1
428,1,1,1,1,1,1,1,1,1,1
429,1,1,1,1,1,1,1,1,1,1
430,1,1,1,1,1,1,1,1,1,1
431,1,1,1,1,1,1,1,1,1,1
432,1,1,1,1,1,1,1,1,1,1
433,1,1,1,1,1,1,1,1,1,1
434,1,1,1,1,1,1,1,1,1,1
435,1,1,1,1,1,1,1,1,1,1
436,1,1,1,1,1,1,1,1,1,1
437,1,1,1,1,1,1,1,1,1,1
438,1,1,1,1,1,1,1,1,1,1
439,1,1,1,1,1,1,1,1,1,1
440,1,1,1,1,1,1,1,1,1,1
441,1,1,1,1,1,1,1,1,1,1
442,1,1,1,1,1,1,1,1,1,1
443,1,1,1,1,1,1,1,1,1,1
444,1,1,1,1,1,1,1,1,1,1
445,1,1,1,1,1,1,1,1,1,1
446,1,1,1,1,1,1,1,1,1,1
447,1,1,1,1,1,1,1,1,1,1
448,1,1,1,1,1,1,1,1,1,1
449,1,1,1,1,1,1,1,1,1,1
450,1,1,1,1,1,1,1,1,1,1
451,1,1,1,1,1,1,1,1,1,1
452,1,1,1,1,1,1,1,1,1,1
453,1,1,1,1,1,1,1,1,1,1
454,1,1,1,1,1,1,1,1,1,1
455,1,1,1,1,1,1,1,1,1,1
456,1,1,1,1,1,1,1,1,1,1
457,1,1,1,1,1,1,1,1,1,1
458,1,1,1,1,1,1,1,1,1,1
459,1,1,1,1,1,1,1,1,1,1
460,1,1,1,1,1,1,1,1,1,1
461,1,1,1,1,1,1,1,1,1,1
462,1,1,1,1,1,1,1,1,1,1
463,1,1,1,1,1,1,1,1,1,1
464,1,1,1,1,1,1,1,1,1,1
465,1,1,1,1,1,1,1,1,1,1
466,1,1,1,1,1,1,1,1,1,1
467,1,1,1,1,1,1,1,1,1,1
468,1,1,1,1,1,1,1,1,1,1
469,1,1,1,1,1,1,1,1,1,1
470,1,1,1,1,1,1,1,1,1,1
471,1,1,1,1,1,1,1,1,1,1
472,1,1,1,1,1,1,1,1,1,1
473,1,1,1,1,1,1,1,1,1,1
474,1,1,1,1,1,1,1,1,1,1
475,1,1,1,1,1,1,1,1,1,1
476,1,1,1,1,1,1,1,1,1,1
477,1,1,1,1,1,1,1,1,1,1
478,1,1,1,1,1,1,1,1,1,1
479,1,1,1,1,1,1,1,1,1,1
480,1,1,1,1,1,1,1,1,1,1
481,1,1,1,1,1,1,1,1,1,1
482,1,1,1,1,1,1,1,1,1,1
483,1,1,1,1,1,1,1,1,1,1
484,1,1,1,1,1,1,1,1,1,1
485,1,1,1,1,1,1,1,1,1,1
486,1,1,1,1,1,1,1,1,1,1
487,1,1,1,1,1,1,1,1,1,1
488,1,1,1,1,1,1,1,1,1,1
489,1,1,1,1,1,1,1,1,1,1
490,1,1,1,1,1,1,1,1,1,1
491,1,1,1,1,1,1,1,1,1,1
492,1,1,1,1,1,1,1,1,1,1
493,1,1,1,1,1,1,1,1,1,1
494,1,1,1,1,1,1,1,1,1,1
495,1,1,1,1,1,1,1,1,1,1
496,1,1,1,1,1,1,1,1,1,1
497,1,1,1,1,1,1,1,1,1,1
498,1,1,1,1,1,1,1,1,1,1
499,1,1,1,1,1,1,1,1,1,1
500,1,1,1,1,1,1,1,1,1,1
501,1,1,1,1,1,1,1,1,1,1
502,1,1,1,1,1,1,1,1,1,1
503,1,1,1,1,1,1,1,1,1,1
504,1,1,1,1,1,1,1,1,1,1
505,1,1,1,1,1,1,1,1,1,1
506,1,1,1,1,1,1,1,1,1,1
507,1,1,1,1,1,1,1,1,1,1
508,1,1,1,1,1,1,1,1,1,1
509,1,1,1,1,1,1,1,1,1,1
510,1,1,1,1,1,1,1,1,1,1
511,1,1,1,1,1,1,1,1,1,1
512,1,1,1,1,1,1,1,1,1,1
513,1,1,1,1,1,1,1,1,1,1
514,1,1,1,1,1,1,1,1,1,1
515,1,1,1,1,1,1,1,1,1,1
516,1,1,1,1,1,1,1,1,1,1
517,1,1,1,1,1,1,1,1,1,1
518,1,1,1,1,1,1,1,1,1,1
519,1,1,1,1,1,1,1,1,1,1
520,1,1,1,1,1,1,1,1,1,1
521,1,1,1,1,1,1,1,1,1,1
522,1,1,1,1,1,1,1,1,1,1
523,1,1,1,1,1,1,1,1,1,1
524,1,1,1,1,1,1,1,1,1,1
525,1,1,1,1,1,1,1,1,1,1
526,1,1,1,1,1,1,1,1,1,1
527,1,1,1,1,1,1,1,1,1,1
528,1,1,1,1,1,1,1,1,1,1
529,1,1,1,1,1,1,1,1,1,1
530,1,1,1,1,1,1,1,1,1,1
531,1,1,1,1,1,1,1,1,1,1
532,1,1,1,1,1,1,1,1,1,1
533,1,1,1,1,1,1,1,1,1,1
534,1,1,1,1,1,1,1,1,1,1
535,1,1,1,1,1,1,1,1,1,1
536,1,1,1,1,1,1,1,1,1,1
537,1,1,1,1,1,1,1,1,1,1
538,1,1,1,1,1,1,1,1,1,1
539,1,1,1,1,1,1,1,1,1,1
540,1,1,1,1,1,1,1,1,1,1
541,1,1,1,1,1,1,1,1,1,1
542,1,1,1,1,1,1,1,1,1,1
543,1,1,1,1,1,1,1,1,1,1
544,1,1,1,1,1,1,1,1,1,1
545,1,1,1,1,1,1,1,1,1,1
546,1,1,1,1,1,1,1,1,1,1
547,1,1,1,1,1,1,1,1,1,1
548,1,1,1,1,1,1,1,1,1,1
549,1,1,1,1,1,1,1,1,1,1
550,1,1,1,1,1,1,1,1,1,1
551,1,1,1,1,1,1,1,1,1,1
552,1,1,1,1,1,1,1,1,1,1
553,1,1,1,1,1,1,1,1,1,1
554,1,1,1,1,1,1,1,1,1,1
555,1,1,1,1,1,1,1,1,1,1
556,1,1,1,1,1,1,1,1,1,1
557,1,1,1,1,1,1,1,1,1,1
558,1,1,1,1,1,1,1,1,1,1
559,1,1,1,1,1,1,1,1,1,1
560,1,1,1,1,1,1,1,1,1,1
561,1,1,1,1,1,1,1,1,1,1
562,1,1,1,1,1,1,1,1,1,1
563,1,1,1,1,1,1,1,1,1,1
564,1,1,1,1,1,1,1,1,1,1
565,1,1,1,1,1,1,1,1,1,1
566,1,1,1,1,1,1,1,1,1,1
567,1,1,1,1,1,1,1,1,1,1
568,1,1,1,1,1,1,1,1,1,1
569,1,1,1,1,1,1,1,1,1,1
570,1,1,1,1,1,1,1,1,1,1
571,1,1,1,1,1,1,1,1,1,1
572,1,1,1,1,1,1,1,1,1,1
573,1,1,1,1,1,1,1,1,1,1
574,1,1,1,1,1,1,1,1,1,1
575,1,1,1,1,1,1,1,1,1,1
576,1,1,1,1,1,1,1,1,1,1
577,1,1,1,1,1,1,1,1,1,1
578,1,1,1,1,1,1,1,1,1,1
579,1,1,1,1,1,1,1,1,1,1
580,1,1,1,1,1,1,1,1,1,1
581,1,1,1,1,1,1,1,1,1,1
582,1,1,1,1,1,1,1,1,1,1
583,1,1,1,1,1,1,1,1,1,1
584,1,1,1,1,1,1,1,1,1,1
585,1,1,1,1,1,1,1,1,1,1
586,1,1,1,1,1,1,1,1,1,1
587,1,1,1,1,1,1,1,1,1,1
588,1,1,1,1,1,1,1,1,1,1
589,1,1,1,1,1,1,1,1,1,1
590,1,1,1,1,1,1,1,1,1,1
591,1,1,1,1,1,1,1,1,1,1
592,1,1,1,1,1,1,1,1,1,1
593,1,1,1,1,1,1,1,1,1,1
594,1,1,1,1,1,1,1,1,1,1
595,1,1,1,1,1,1,1,1,1,1
596,1,1,1,1,1,1,1,1,1,1
597,1,1,1,1,1,1,1,1,1,1
598,1,1,1,1,1,1,1,1,1,1
599,1,1,1,1,1,1,1,1,1,1
600,1,1,1,1,1,1,1,1,1,1
601,1,1,1,1,1,1,1,1,1,1
602,1,1,1,1,1,1,1,1,1,1
603,1,1,1,1,1,1,1,1,1,1
604,1,1,1,1,1,1,1,1,1,1
605,1,1,1,1,1,1,1,1,1,1
606,1,1,1,1,1,1,1,1,1,1
607,1,1,1,1,1,1,1,1,1,1
608,1,1,1,1,1,1,1,1,1,1
609,1,1,1,1,1,1,1,1,1,1
610,1,1,1,1,1,1,1,1,1,1
611,1,1,1,1,1,1,1,1,1,1
612,1,1,1,1,1,1,1,1,1,1
613,1,1,1,1,1,1,1,1,1,1
614,1,1,1,1,1,1,1,1,1,1
615,1,1,1,1,1,1,1,1,1,1
616,1,1,1,1,1,1,1,1,1,1
617,1,1,1,1,1,1,1,1,1,1
618,1,1,1,1,1,1,1,1,1,1
619,1,1,1,1,1,1,1,1,1,1
620,1,1,1,1,1,1,1,1,1,1
621,1,1,1,1,1,1,1,1,1,1
622,1,1,1,1,1,1,1,1,1,1
623,1,1,1,1,1,1,1,1,1,1
624,1,1,1,1,1,1,1,1,1,1
625,1,1,1,1,1,1,1,1,1,1
626,1,1,1,1,1,1,1,1,1,1
627,1,1,1,1,1,1,1,1,1,1
628,1,1,1,1,1,1,1,1,1,1
629,1,1,1,1,1,1,1,1,1,1
630,1,1,1,1,1,1,1,1,1,1
631,1,1,1,1,1,1,1,1,1,1
632,1,1,1,1,1,1,1,1,1,1
633,1,1,1,1,1,1,1,1,1,1
634,1,1,1,1,1,1,1,1,1,1
635,1,1,1,1,1,1,1,1,1,1
636,1,1,1,1,1,1,1,1,1,1
637,1,1,1,1,1,1,1,1,1,1
638,1,1,1,1,1,1,1,1,1,1
639,1,1,1,1,1,1,1,1,1,1
640,1,1,1,1,1,1,1,1,1,1
641,1,1,1,1,1,1,1,1,1,1
642,1,1,1,1,1,1,1,1,1,1
643,1,1,1,1,1,1,1,1,1,1
644,1,1,1,1,1,1,1,1,1,1
645,1,1,1,1,1,1,1,1,1,1
646,1,1,1,1,1,1,1,1,1,1
647,1,1,1,1,1,1,1,1,1,1
648,1,1,1,1,1,1,1,1,1,1
649,1,1,1,1,1,1,1,1,1,1
650,1,1,1,1,1,1,1,1,1,1
651,1,1,1,1,1,1,1,1,1,1
652,1,1,1,1,1,1,1,1,1,1
653,1,1,1,1,1,1,1,1,1,1
654,1,1,1,1,1,1,1,1,1,1
655,1,1,1,1,1,1,1,1,1,1
656,1,1,1,1,1,1,1,1,1,1
657,1,1,1,1,1,1,1,1,1,1
658,1,1,1,1,1,1,1,1,1,1
659,1,1,1,1,1,1,1,1,1,1
660,1,1,1,1,1,1,1,1,1,1
661,1,1,1,1,1,1,1,1,1,1
662,1,1,1,1,1,1,1,1,1,1
663,1,1,1,1,1,1,1,1,1,1
664,1,1,1,1,1,1,1,1,1,1
665,1,1,1,1,1,1,1,1,1,1
666,1,1,1,1,1,1,1,1,1,1
667,1,1,1,1,1,1,1,1,1,1
668,1,1,1,1,1,1,1,1,1,1
669,1,1,1,1,1,1,1,1,1,1
670,1,1,1,1,1,1,1,1,1,1
671,1,1,1,1,1,1,1,1,1,1
672,1,1,1,1,1,1,1,1,1,1
673,1,1,1,1,1,1,1,1,1,1
674,1,1,1,1,1,1,1,1,1,1
675,1,1,1,1,1,1,1,1,1,1
676,1,1,1,1,1,1,1,1,1,1
677,1,1,1,1,1,1,1,1,1,1
678,1,1,1,1,1,1,1,1,1,1
679,1,1,1,1,1,1,1,1,1,1
680,1,1,1,1,1,1,1,1,1,1
681,1,1,1,1,1,1,1,1,1,1
682,1,1,1,1,1,1,1,1,1,1
683,1,1,1,1,1,1,1,1,1,1
684,1,1,1,1,1,1,1,1,1,1
685,1,1,1,1,1,1,1,1,1,1
686,1,1,1,1,1,1,1,1,1,1
687,1,1,1,1,1,1,1,1,1,1
688,1,1,1,1,1,1,1,1,1,1
689,1,1,1,1,1,1,1,1,1,1
690,1,1,1,1,1,1,1,1,1,1
691,1,1,1,1,1,1,1,1,1,1
692,1,1,1,1,1,1,1,1,1,1
693,1,1,1,1,1,1,1,1,1,1
694,1,1,1,1,1,1,1,1,1,1
695,1,1,1,1,1,1,1,1,1,1
696,1,1,1,1,1,1,1,1,1,1
697,1,1,1,1,1,1,1,1,1,1
698,1,1,1,1,1,1,1,1,1,1
699,1,1,1,1,1,1,1,1,1,1
700,1,1,1,1,1,1,1,1,1,1
701,1,1,1,1,1,1,1,1,1,1
702,1,1,1,1,1,1,1,1,1,1
703,1,1,1,1,1,1,1,1,1,1
704,1,1,1,1,1,1,1,1,1,1
705,1,1,1,1,1,1,1,1,1,1
706,1,1,1,1,1,1,1,1,1,1
707,1,1,1,1,1,1,1,1,1,1
708,1,1,1,1,1,1,1,1,1,1
709,1,1,1,1,1,1,1,1,1,1
710,1,1,1,1,1,1,1,1,1,1
711,1,1,1,1,1,1,1,1,1,1
712,1,1,1,1,1,1,1,1,1,1
713,1,1,1,1,1,1,1,1,1,1
714,1,1,1,1,1,1,1,1,1,1
715,1,1,1,1,1,1,1,1,1,1
716,1,1,1,1,1,1,1,1,1,1
717,1,1,1,1,1,1,1,1,1,1
718,1,1,1,1,1,1,1,1,1,1
719,1,1,1,1,1,1,1,1,1,1
720,1,1,1,1,1,1,1,1,1,1
721,1,1,1,1,1,1,1,1,1,1
722,1,1,1,1,1,1,1,1,1,1
723,1,1,1,1,1,1,1,1,1,1
724,1,1,1,1,1,1,1,1,1,1
725,1,1,1,1,1,1,1,1,1,1
726,1,1,1,1,1,1,1,1,1,1
727,1,1,1,1,1,1,1,1,1,1
728,1,1,1,1,1,1,1,1,1,1
729,1,1,1,1,1,1,1,1,1,1
730,1,1,1,1,1,1,1,1,1,1
731,1,1,1,1,1,1,1,1,1,1
732,1,1,1,1,1,1,1,1,1,1
733,1,1,1,1,1,1,1,1,1,1
734,1,1,1,1,1,1,1,1,1,1
735,1,1,1,1,1,1,1,1,1,1
736,1,1,1,1,1,1,1,1,1,1
737,1,1,1,1,1,1,1,1,1,1
738,1,1,1,1,1,1,1,1,1,1
739,1,1,1,1,1,1,1,1,1,1
740,1,1,1,1,1,1,1,1,1,1
741,1,1,1,1,1,1,1,1,1,1
742,1,1,1,1,1,1,1,1,1,1
743,1,1,1,1,1,1,1,1,1,1
744,1,1,1,1,1,1,1,1,1,1
745,1,1,1,1,1,1,1,1,1,1
746,1,1,1,1,1,1,1,1,1,1
747,1,1,1,1,1,1,1,1,1,1
748,1,1,1,1,1,1,1,1,1,1
749,1,1,1,1,1,1,1,1,1,1
750,1,1,1,1,1,1,1,1,1,1
751,1,1,1,1,1,1,1,1,1,1
752,1,1,1,1,1,1,1,1,1,1
753,1,1,1,1,1,1,1,1,1,1
754,1,1,1,1,1,1,1,1,1,1
755,1,1,1,1,1,1,1,1,1,1
756,1,1,1,1,1,1,1,1,1,1
757,1,1,1,1,1,1,1,1,1,1
758,1,1,1,1,1,1,1,1,1,1
759,1,1,1,1,1,1,1,1,1,1
760,1,1,1,1,1,1,1,1,1,1
761,1,1,1,1,1,1,1,1,1,1
762,1,1,1,1,1,1,1,1,1,1
763,1,1,1,1,1,1,1,1,1,1
764,1,1,1,1,1,1,1,1,1,1
765,1,1,1,1,1,1,1,1,1,1
766,1,1,1,1,1,1,1,1,1,1
767,1,1,1,1,1,1,1,1,1,1
768,1,1,1,1,1,1,1,1,1,1
769,1,1,1,1,1,1,1,1,1,1
770,1,1,1,1,1,1,1,1,1,1
771,1,1,1,1,1,1,1,1,1,1
772,1,1,1,1,1,1,1,1,1,1
773,1,1,1,1,1,1,1,1,1,1
774,1,1,1,1,1,1,1,1,1,1
775,1,1,1,1,1,1,1,1,1,1
776,1,1,1,1,1,1,1,1,1,1
777,1,1,1,1,1,1,1,1,1,1
778,1,1,1,1,1,1,1,1,1,1
779,1,1,1,1,1,1,1,1,1,1
780,1,1,1,1,1,1,1,1,1,1
781,1,1,1,1,1,1,1,1,1,1
782,1,1,1,1,1,1,1,1,1,1
783,1,1,1,1,1,1,1,1,1,1
784,1,1,1,1,1,1,1,1,1,1
785,1,1,1,1,1,1,1,1,1,1
786,1,1,1,1,1,1,1,1,1,1
787,1,1,1,1,1,1,1,1,1,1
788,1,1,1,1,1,1,1,1,1,1
789,1,1,1,1,1,1,1,1,1,1
790,1,1,1,1,1,1,1,1,1,1
791,1,1,1,1,1,1,1,1,1,1
792,1,1,1,1,1,1,1,1,1,1
793,1,1,1,1,1,1,1,1,1,1
794,1,1,1,1,1,1,1,1,1,1
795,1,1,1,1,1,1,1,1,1,1
796,1,1,1,1,1,1,1,1,1,1
797,1,1,1,1,1,1,1,1,1,1
798,1,1,1,1,1,1,1,1,1,1
799,1,1,1,1,1,1,1,1,1,1
800,1,1,1,1,1,1,1,1,1,1
801,1,1,1,1,1,1,1,1,1,1
802,1,1,1,1,1,1,1,1,1,1
803,1,1,1,1,1,1,1,1,1,1
804,1,1,1,1,1,1,1,1,1,1
805,1,1,1,1,1,1,1,1,1,1
806,1,1,1,1,1,1,1,1,1,1
807,1,1,1,1,1,1,1,1,1,1
808,1,1,1,1,1,1,1,1,1,1
809,1,1,1,1,1,1,1,1,1,1
810,1,1,1,1,1,1,1,1,1,1
811,1,1,1,1,1,1,1,1,1,1
812,1,1,1,1,1,1,1,1,1,1
813,1,1,1,1,1,1,1,1,1,1
814,1,1,1,1,1,1,1,1,1,1
815,1,1,1,1,1,1,1,1,1,1
816,1,1,1,1,1,1,1,1,1,1
817,1,1,0,1,1,0,1,1,0,0
818,1,1,0,1,1,0,1,1,0,0
819,1,1,0,1,1,0,1,1,0,0
820,1,1,0,1,1,0,1,1,0,0
821,1,1,0,1,1,0,1,1,0,0
822,1,1,0,1,1,0,1,1,0,0
823,1,1,0,1,1,0,1,1,0,0
824,1,1,0,1,1,0,1,1,0,0
825,1,1,0,1,1,0,1,1,0,0
826,1,1,0,1,1,0,1,1,0,0
827,1,1,0,1,1,0,1,1,0,0
828,1,1,0,1,1,0,1,1,0,0
829,1,1,0,1,1,0,1,1,0,0
830,1,1,0,1,1,0,1,1,0,0
831,1,1,0,1,1,0,1,1,0,0
832,1,1,0,1,1,0,1,1,0,0
833,1,1,0,1,1,0,1,1,0,0
834,1,1,0,1,1,0,1,1,0,0
835,1,1,0,1,1,0,1,1,0,0
836,1,1,0,1,1,0,1,1,0,0
837,1,1,0,1,1,0,1,1,0,0
838,1,1,0,1,1,0,1,1,0,0
839,1,1,0,1,1,0,1,1,0,0
840,1,1,0,1,1,0,1,1,0,0
841,1,1,0,1,1,0,1,1,0,0
842,1,1,0,1,1,0,1,1,0,0
843,1,1,0,1,1,0,1,1,0,0
844,1,1,0,1,1,0,1,1,0,0
845,1,1,0,1,1,0,1,1,0,0
846,1,1,0,1,1,0,1,1,0,0
847,1,1,0,1,1,0,1,1,0,0
848,1,1,0,1,1,0,1,1,0,0
849,1,1,0,1,1,0,1,1,0,0
850,1,1,0,1,1,0,1,1,0,0
851,1,1,0,1,1,0,1,1,0,0
852,1,1,0,1,1,0,1,1,0,0
853,1,1,0,1,1,0,1,1,0,0
854,1,1,0,1,1,0,1,1,0,0
855,1,1,0,1,1,0,1,1,0,0
856,1,1,0,1,1,0,1,1,0,0
857,1,1,0,1,1,0,1,1,0,0
858,1,1,0,1,1,0,1,1,0,0
859,1,1,0,1,1,0,1,1,0,0
860,1,1,0,1,1,0,1,1,0,0
861,1,1,0,1,1,0,1,1,0,0
862,1,1,0,1,1,0,1,1,0,0
863,1,1,0,1,1,0,1,1,0,0
864,1,1,0,1,1,0,1,1,0,0
865,1,1,0,1,1,0,1,1,0,0
866,1,1,0,1,1,0,1,1,0,0
867,1,1,0,1,1,0,1,1,0,0
868,1,1,0,1,1,0,1,1,0,0
869,1,1,0,1,1,0,1,1,0,0
870,1,1,0,1,1,0,1,1,0,0
871,1,1,0,1,1,0,1,1,0,0
872,1,1,0,1,1,0,1,1,0,0
873,1,1,0,1,1,0,1,1,0,0
874,1,1,0,1,1,0,1,1,0,0
875,1,1,0,1,1,0,1,1,0,0
876,1,1,0,1,1,0,1,1,0,0
877,1,1,0,1,1,0,1,1,0,0
878,1,1,0,1,1,0,1,1,0,0
879,1,1,0,1,1,0,1,1,0,0
880,1,1,0,1,1,0,1,1,0,0
881,1,1,0,1,1,0,1,1,0,0
882,1,1,0,1,1,0,1,1,0,0
883,1,1,0,1,1,0,1,1,0,0
884,1,1,0,1,1,0,1,1,0,0
885,1,1,0,1,1,0,1,1,0,0
886,1,1,0,1,1,0,1,1,0,0
887,1,1,0,1,1,0,1,1,0,0
888,1,1,0,1,1,0,1,1,0,0
889,1,1,0,1,1,0,1,1,0,0
890,1,1,0,1,1,0,1,1,0,0
891,1,1,0,1,1,0,1,1,0,0
892,1,1,0,1,1,0,1,1,0,0
893,1,1,0,1,1,0,1,1,0,0
894,1,1,0,1,1,0,1,1,0,0
895,1,1,0,1,1,0,1,1,0,0
896,1,1,0,1,1,0,1,1,0,0
897,1,1,0,1,1,0,1,1,0,0
898,1,1,0,1,1,0,1,1,0,0
899,1,1,0,1,1,0,1,1,0,0
900,1,1,0,1,1,0,1,1,0,0
901,1,1,0,1,1,0,1,1,0,0
902,1,1,0,1,1,0,1,1,0,0
903,1,1,0,1,1,0,1,1,0,0
904,1,1,0,1,1,0,1,1,0,0
905,1,1,0,1,1,0,1,1,0,0
906,1,1,0,1,1,0,1,1,0,0
907,1,1,0,1,1,0,1,1,0,0
908,1,1,0,1,1,0,1,1,0,0
909,1,1,0,1,1,0,1,1,0,0
910,1,1,0,1,1,0,1,1,0,0
911,1,1,0,1,1,0,1,1,0,0
912,1,1,0,1,1,0,1,1,0,0
913,1,1,0,1,1,0,1,1,0,0
914,1,1,0,1,1,0,1,1,0,0
915,1,1,0,1,1,0,1,1,0,0
916,1,1,0,1,1,0,1,1,0,0
917,1,1,0,1,1,0,1,1,0,0
918,1,1,0,1,1,0,1,1,0,0
919,1,1,0,1,1,0,1,1,0,0
920,0,0,0,0,0,0,0,0,0,0
921,0,0,0,0,0,0,0,0,0,0
922,0,0,0,0,0,0,0,0,0,0
923,0,0,0,0,0,0,0,0,0,0
924,0,0,0,0,0,0,0,0,0,0
925,0,0,0,0,0,0,0,0,0,0
926,0,0,0,0,0,0,0,0,0,0
927,0,0,0,0,0,0,0,0,0,0
928,0,0,0,0,0,0,0,0,0,0
929,0,0,0,0,0,0,0,0,0,0
930,0,0,0,0,0,0,0,0,0,0
931,0,0,0,0,0,0,0,0,0,0
932,0,0,0,0,0,0,0,0,0,0
933,0,0,0,0,0,0,0,0,0,0
934,0,0,0,0,0,0,0,0,0,0
935,0,0,0,0,0,0,0,0,0,0
936,0,0,0,0,0,0,0,0,0,0
937,0,0,0,0,0,0,0,0,0,0
938,0,0,0,0,0,0,0,0,0,0
939,0,0,0,0,0,0,0,0,0,0
940,0,0,0,0,0,0,0,0,0,0
941,0,0,0,0,0,0,0,0,0,0
942,0,0,0,0,0,0,0,0,0,0
943,0,0,0,0,0,0,0,0,0,0
944,0,0,0,0,0,0,0,0,0,0
945,0,0,0,0,0,0,0,0,0,0
946,0,0,0,0,0,0,0,0,0,0
947,0,0,0,0,0,0,0,0,0,0
948,0,0,0,0,0,0,0,0,0,0
949,0,0,0,0,0,0,0,0,0,0
950,0,0,0,0,0,0,0,0,0,0
951,0,0,0,0,0,0,0,0,0,0
952,0,0,0,0,0,0,0,0,0,0
953,0,0,0,0,0,0,0,0,0,0
954,0,0,0,0,0,0,0,0,0,0
955,0,0,0,0,0,0,0,0,0,0
956,0,0,0,0,0,0,0,0,0,0
957,0,0,0,0,0,0,0,0,0,0
958,0,0,0,0,0,0,0,0,0,0
959,0,0,0,0,0,0,0,0,0,0
960,0,0,0,0,0,0,0,0,0,0
961,0,0,0,0,0,0,0,0,0,0
962,0,0,0,0,0,0,0,0,0,0
963,0,0,0,0,0,0,0,0,0,0
964,0,0,0,0,0,0,0,0,0,0
965,0,0,0,0,0,0,0,0,0,0
966,0,0,0,0,0,0,0,0,0,0
967,0,0,0,0,0,0,0,0,0,0
968,0,0,0,0,0,0,0,0,0,0
969,0,0,0,0,0,0,0,0,0,0
970,0,0,0,0,0,0,0,0,0,0
971,0,0,0,0,0,0,0,0,0,0
972,0,0,0,0,0,0,0,0,0,0
973,0,0,0,0,0,0,0,0,0,0
974,0,0,0,0,0,0,0,0,0,0
975,0,0,0,0,0,0,0,0,0,0
976,0,0,0,0,0,0,0,0,0,0
977,0,0,0,0,0,0,0,0,0,0
978,0,0,0,0,0,0,0,0,0,0
979,0,0,0,0,0,0,0,0,0,0
980,0,0,0,0,0,0,0,0,0,0
981,0,0,0,0,0,0,0,0,0,0
982,0,0,0,0,0,0,0,0,0,0
983,0,0,0,0,0,0,0,0,0,0
984,0,0,0,0,0,0,0,0,0,0
985,0,0,0,0,0,0,0,0,0,0
986,0,0,0,0,0,0,0,0,0,0
987,0,0,0,0,0,0,0,0,0,0
988,0,0,0,0,0,0,0,0,0,0
989,0,0,0,0,0,0,0,0,0,0
990,0,0,0,0,0,0,0,0,0,0
991,0,0,0,0,0,0,0,0,0,0
992,0,0,0,0,0,0,0,0,0,0
993,0,0,0,0,0,0,0,0,0,0
994,0,0,0,0,0,0,0,0,0,0
995,0,0,0,0,0,0,0,0,0,0
996,0,0,0,0,0,0,0,0,0,0
997,0,0,0,0,0,0,0,0,0,0
998,0,0,0,0,0,0,0,0,0,0
999,0,0,0,0,0,0,0,0,0,0
1000,0,0,0,0,0,0,0,0,0,0
1001,0,0,0,0,0,0,0,0,0,0
1002,0,0,0,0,0,0,0,0,0,0
1003,0,0,0,0,0,0,0,0,0,0
1004,0,0,0,0,0,0,0,0,0,0
1005,0,0,0,0,0,0,0,0,0,0
1006,0,0,0,0,0,0,0,0,0,0
1007,0,0,0,0,0,0,0,0,0,0
1008,0,0,0,0,0,0,0,0,0,0
1009,0,0,0,0,0,0,0,0,0,0
1010,0,0,0,0,0,0,0,0,0,0
1011,0,0,0,0,0,0,0,0,0,0
1012,0,0,0,0,0,0,0,0,0,0
1013,0,0,0,0,0,0,0,0,0,0
1014,0,0,0,0,0,0,0,0,0,0
1015,0,0,0,0,0,0,0,0,0,0
1016,0,0,0,0,0,0,0,0,0,0
1017,0,0,0,0,0,0,0,0,0,0
1018,0,0,0,0,0,0,0,0,0,0
1019,0,0,0,0,0,0,0,0,0,0
1020,0,0,0,0,0,0,0,0,0,0
1021,0,0,0,0,0,0,0,0,0,0
1022,0,0,0,0,0,0,0,0,0,0
1023,0,0,0,0,0,0,0,0,0,0
1024,0,0,0,0,0,0,0,0,0,0
1025,0,0,0,0,0,0,0,0,0,0
1026,0,0,0,0,0,0,0,0,0,0
1027,0,0,0,0,0,0,0,0,0,0
1028,0,0,0,0,0,0,0,0,0,0
1029,0,0,0,0,0,0,0,0,0,0
1030,0,0,0,0,0,0,0,0,0,0
1031,0,0,0,0,0,0,0,0,0,0
1032,0,0,0,0,0,0,0,0,0,0
1033,0,0,0,0,0,0,0,0,0,0
1034,0,0,0,0,0,0,0,0,0,0
1035,0,0,0,0,0,0,0,0,0,0
1036,0,0,0,0,0,0,0,0,0,0
1037,0,0,0,0,0,0,0,0,0,0
1038,0,0,0,0,0,0,0,0,0,0
1039,0,0,0,0,0,0,0,0,0,0
1040,0,0,0,0,0,0,0,0,0,0
1041,0,0,0,0,0,0,0,0,0,0
1042,0,0,0,0,0,0,0,0,0,0
1043,0,0,0,0,0,0,0,0,0,0
1044,0,0,0,0,0,0,0,0,0,0
1045,0,0,0,0,0,0,0,0,0,0
1046,0,0,0,0,0,0,0,0,0,0
1047,0,0,0,0,0,0,0,0,0,0
1048,0,0,0,0,0,0,0,0,0,0
1049,0,0,0,0,0,0,0,0,0,0
1050,0,0,0,0,0,0,0,0,0,0
1051,0,0,0,0,0,0,0,0,0,0
1052,0,0,0,0,0,0,0,0,0,0
1053,0,0,0,0,0,0,0,0,0,0
1054,0,0,0,0,0,0,0,0,0,0
1055,0,0,0,0,0,0,0,0,0,0
1056,0,0,0,0,0,0,0,0,0,0
1057,0,0,0,0,0,0,0,0,0,0
1058,0,0,0,0,0,0,0,0,0,0
1059,0,0,0,0,0,0,0,0,0,0
1060,1,1,0,1,1,0,1,1,0,0
1061,1,1,0,1,1,0,1,1,0,0
1062,1,1,0,1,1,0,1,1,0,0
1063,1,1,0,1,1,0,1,1,0,0
1064,1,1,0,1,1,0,1,1,0,0
1065,1,1,0,1,1,0,1,1,0,0
1066,1,1,0,1,1,0,1,1,0,0
1067,1,1,0,1,1,0,1,1,0,0
1068,1,1,0,1,1,0,1,1,0,0
1069,1,1,0,1,1,0,1,1,0,0
1070,1,1,0,1,1,0,1,1,0,0
1071,1,1,0,1,1,0,1,1,0,0
1072,1,1,0,1,1,0,1,1,0,0
1073,1,1,0,1,1,0,1,1,0,0
1074,1,1,0,1,1,0,1,1,0,0
1075,1,1,0,1,1,0,1,1,0,0
1076,1,1,0,1,1,0,1,1,0,0
1077,1,1,0,1,1,0,1,1,0,0
1078,1,1,0,1,1,0,1,1,0,0
1079,1,1,0,1,1,0,1,1,0,0
1080,1,1,0,1,1,0,1,1,0,0
1081,1,1,0,1,1,0,1,1,0,0
1082,1,1,0,1,1,0,1,1,0,0
1083,1,1,0,1,1,0,1,1,0,0
1084,1,1,0,1,1,0,1,1,0,0
1085,1,1,0,1,1,0,1,1,0,0
1086,1,1,0,1,1,0,1,1,0,0
1087,1,1,0,1,1,0,1,1,0,0
1088,1,1,0,1,1,0,1,1,0,0
1089,1,1,0,1,1,0,1,1,0,0
1090,1,1,0,1,1,0,1,1,0,0
1091,1,1,0,1,1,0,1,1,0,0
1092,1,1,0,1,1,0,1,1,0,0
1093,1,1,0,1,1,0,1,1,0,0
1094,1,1,0,1,1,0,1,1,0,0
1095,1,1,0,1,1,0,1,1,0,0
1096,1,1,0,1,1,0,1,1,0,0
1097,1,1,0,1,1,0,1,1,0,0
1098,1,1,0,1,1,0,1,1,0,0
1099,1,1,0,1,1,0,1,1,0,0
1100,1,1,0,1,1,0,1,1,0,0
1101,1,1,0,1,1,0,1,1,0,0
1102,1,1,0,1,1,0,1,1,0,0
1103,1,1,0,1,1,0,1,1,0,0
1104,1,1,0,1,1,0,1,1,0,0
1105,1,1,0,1,1,0,1,1,0,0
1106,1,1,0,1,1,0,1,1,0,0
1107,1,1,0,1,1,0,1,1,0,0
1108,1,1,0,1,1,0,1,1,0,0
1109,1,1,0,1,1,0,1,1,0,0
1110,1,1,0,1,1,0,1,1,0,0
1111,1,1,0,1,1,0,1,1,0,0
1112,1,1,0,1,1,0,1,1,0,0
1113,1,1,0,1,1,0,1,1,0,0
1114,1,1,0,1,1,0,1,1,0,0
1115,1,1,0,1,1,0,1,1,0,0
1116,1,1,0,1,1,0,1,1,0,0
1117,1,1,0,1,1,0,1,1,0,0
1118,1,1,0,1,1,0,1,1,0,0
1119,1,1,0,1,1,0,1,1,0,0
1120,1,1,0,1,1,0,1,1,0,0
1121,1,1,0,1,1,0,1,1,0,0
1122,1,1,0,1,1,0,1,1,0,0
1123,1,1,0,1,1,0,1,1,0,0
1124,1,1,0,1,1,0,1,1,0,0
1125,1,1,0,1,1,0,1,1,0,0
1126,1,1,0,1,1,0,1,1,0,0
1127,1,1,0,1,1,0,1,1,0,0
1128,1,1,0,1,1,0,1,1,0,0
1129,1,1,0,1,1,0,1,1,0,0
1130,1,1,0,1,1,0,1,1,0,0
1131,1,1,0,1,1,0,1,1,0,0
1132,1,1,0,1,1,0,1,1,0,0
1133,1,1,0,1,1,0,1,1,0,0
1134,1,1,0,1,1,0,1,1,0,0
1135,1,1,0,1,1,0,1,1,0,0
1136,1,1,0,1,1,0,1,1,0,0
1137,1,1,0,1,1,0,1,1,0,0
1138,1,1,0,1,1,0,1,1,0,0
1139,1,1,0,1,1,0,1,1,0,0
1140,1,1,0,1,1,0,1,1,0,0
1141,1,1,0,1,1,0,1,1,0,0
1142,1,1,0,1,1,0,1,1,0,0
1143,1,1,0,1,1,0,1,1,0,0
1144,1,1,0,1,1,0,1,1,0,0
1145,1,1,0,1,1,0,1,1,0,0
1146,1,1,0,1,1,0,1,1,0,0
1147,1,1,0,1,1,0,1,1,0,0
1148,1,1,0,1,1,0,1,1,0,0
1149,1,1,0,1,1,0,1,1,0,0
1150,1,1,0,1,1,0,1,1,0,0
1151,1,1,0,1,1,0,1,1,0,0
1152,1,1,0,1,1,0,1,1,0,0
1153,1,1,0,1,1,0,1,1,0,0
1154,1,0,0,0,0,0,0,1,0,0
1155,1,0,0,0,0,0,0,1,0,0
1156,1,0,0,0,0,0,0,1,0,0
1157,1,0,0,0,0,0,0,1,0,0
1158,1,0,0,0,0,0,0,1,0,0
1159,1,0,0,0,0,0,0,1,0,0
1160,1,0,0,0,0,0,0,1,0,0
1161,1,0,0,0,0,0,0,1,0,0
1162,1,0,0,0,0,0,0,1,0,0
1163,1,0,0,0,0,0,0,1,0,0
1164,1,0,0,0,0,0,0,1,0,0
1165,1,0,0,0,0,0,0,1,0,0
1166,1,0,0,0,0,0,0,1,0,0
1167,1,0,0,0,0,0,0,1,0,0
1168,1,0,0,0,0,0,0,1,0,0
1169,1,0,0,0,0,0,0,1,0,0
1170,1,0,0,0,0,0,0,1,0,0
1171,1,0,0,0,0,0,0,1,0,0
1172,1,0,0,0,0,0,0,1,0,0
1173,1,0,0,0,0,0,0,1,0,0
1174,1,0,0,0,0,0,0,1,0,0
1175,1,0,0,0,0,0,0,1,0,0
1176,1,0,0,0,0,0,0,1,0,0
1177,1,0,0,0,0,0,0,1,0,0
1178,1,0,0,0,0,0,0,1,0,0
1179,1,0,0,0,0,0,0,1,0,0
1180,1,0,0,0,0,0,0,1,0,0
1181,1,0,0,0,0,0,0,0,0,0
1182,1,0,0,0,0,0,0,0,0,0
1183,1,0,0,0,0,0,0,0,0,0
1184,1,0,0,0,0,0,0,0,0,0
1185,1,0,0,0,0,0,0,0,0,0
1186,1,0,0,0,0,0,0,0,0,0
1187,1,0,0,0,0,0,0,0,0,0
1188,1,0,0,0,0,0,0,0,0,0
1189,1,0,0,0,0,0,0,0,0,0
1190,1,0,0,0,0,0,0,0,0,0
1191,1,0,0,0,0,0,0,0,0,0
1192,1,0,0,0,0,0,0,0,0,0
1193,1,0,0,0,0,0,0,0,0,0
1194,1,0,0,0,0,0,0,0,0,0
1195,1,0,0,0,0,0,0,0,0,0
1196,1,0,0,0,0,0,0,0,0,0
1197,1,0,0,0,0,0,0,0,0,0
1198,1,0,0,0,0,0,0,0,0,0
1199,1,0,0,0,0,0,0,0,0,0
1200,1,0,0,0,0,0,0,0,0,0
1201,1,0,0,0,0,0,0,0,0,0
1202,1,0,0,0,0,0,0,0,0,0
1203,1,0,0,0,0,0,0,0,0,0
1204,1,0,0,0,0,0,0,0,0,0
1205,1,0,0,0,0,0,0,0,0,0
1206,1,0,0,0,0,0,0,0,0,0
1207,1,0,0,0,0,0,0,0,0,0
1208,1,0,0,0,0,0,0,0,0,0
1209,1,0,0,0,0,0,0,0,0,0
1210,1,0,0,0,0,0,0,0,0,0
1211,1,0,0,0,0,0,0,0,0,0
1212,1,0,0,0,0,0,0,0,0,0
1213,1,0,0,0,0,0,0,0,0,0
1214,1,0,0,0,0,0,0,0,0,0
1215,1,0,0,0,0,0,0,0,0,0
1216,1,0,0,0,0,0,0,0,0,0
1217,1,0,0,0,0,0,0,0,0,0
1218,1,0,0,0,0,0,0,0,0,0
1219,1,0,0,0,0,0,0,0,0,0
1220,1,0,0,0,0,0,0,0,0,0
1221,1,0,0,0,0,0,0,0,0,0
1222,1,0,0,0,0,0,0,0,0,0
1223,1,0,0,0,0,0,0,0,0,0
1224,1,0,0,0,0,0,0,0,0,0
1225,1,0,0,0,0,0,0,0,0,0
1226,1,0,0,0,0,0,0,0,0,0
1227,1,0,0,0,0,0,0,0,0,0
1228,1,0,0,0,0,0,0,0,0,0
1229,1,0,0,0,0,0,0,0,0,0
1230,1,0,0,0,0,0,0,0,0,0
1231,1,0,0,0,0,0,0,0,0,0
1232,1,0,0,0,0,0,0,0,0,0
1233,1,0,0,0,0,0,0,0,0,0
1234,1,0,0,0,0,0,0,0,0,0
1235,1,0,0,0,0,0,0,0,0,0
1236,1,0,0,0,0,0,0,0,0,0
1237,1,0,0,0,0,0,0,0,0,0
1238,1,0,0,0,0,0,0,0,0,0
1239,1,0,0,0,0,0,0,0,0,0
1240,1,0,0,0,0,0,0,0,0,0
1241,1,0,0,0,0,0,0,0,0,0
1242,1,0,0,0,0,0,0,0,0,0
1243,1,0,0,0,0,0,0,0,0,0
1244,1,0,0,0,0,0,0,0,0,0
1245,1,0,0,0,0,0,0,0,0,0
1246,1,0,0,0,0,0,0,0,0,0
1247,1,0,0,0,0,0,0,0,0,0
1248,1,0,0,0,0,0,0,0,0,0
1249,1,0,0,0,0,0,0,0,0,0
1250,1,0,0,0,0,0,0,0,0,0
1251,1,0,0,0,0,0,0,0,0,0
1252,1,0,0,0,0,0,0,0,0,0
1253,1,0,0,0,0,0,0,0,0,0
1254,1,0,0,0,0,0,0,0,0,0
1255,1,0,0,0,0,0,0,0,0,0
1256,1,0,0,0,0,0,0,0,0,0
1257,1,0,0,0,0,0,0,0,0,0
1258,1,0,0,0,0,0,0,0,0,0
1259,1,0,0,0,0,0,0,0,0,0
1260,1,0,0,0,0,0,0,0,0,0
1261,1,0,0,0,0,0,0,0,0,0
1262,1,0,0,0,0,0,0,0,0,0
1263,1,0,0,0,0,0,0,0,0,0
1264,1,0,0,0,0,0,0,0,0,0
1265,1,0,0,0,0,0,0,0,0,0
1266,1,0,0,0,0,0,0,0,0,0
1267,1,0,0,0,0,0,0,0,0,0
1268,1,0,0,0,0,0,0,0,0,0
1269,1,0,0,0,0,0,0,0,0,0
1270,1,0,0,0,0,0,0,0,0,0
1271,1,0,0,0,0,0,0,0,0,0
1272,1,0,0,0,0,0,0,0,0,0
1273,1,0,0,0,0,0,0,0,0,0
1274,1,0,0,0,0,0,0,0,0,0
1275,1,0,0,0,0,0,0,0,0,0
1276,1,0,0,0,0,0,0,0,0,0
1277,1,0,0,0,0,0,0,0,0,0
1278,1,0,0,0,0,0,0,0,0,0
1279,1,0,0,0,0,0,0,0,0,0
1280,1,0,0,0,0,0,0,0,0,0
1281,1,0,0,0,0,0,0,0,0,0
1282,1,0,0,0,0,0,0,0,0,0
1283,1,0,0,0,0,0,0,0,0,0
1284,1,0,0,0,0,0,0,0,0,0
1285,1,0,0,0,0,0,0,0,0,0
1286,1,0,0,0,0,0,0,0,0,0
1287,1,0,0,0,0,0,0,0,0,0
1288,1,0,0,0,0,0,0,0,0,0
1289,1,0,0,0,0,0,0,0,0,0
1290,1,0,0,0,0,0,0,0,0,0
1291,1,0,0,0,0,0,0,0,0,0
1292,1,0,0,0,0,0,0,0,0,0
1293,1,0,0,0,0,0,0,0,0,0
1294,1,0,0,0,0,0,0,0,0,0
1295,1,0,0,0,0,0,0,0,0,0
1296,1,0,0,0,0,0,0,0,0,0
1297,1,0,0,0,0,0,0,0,0,0
1298,1,0,0,0,0,0,0,0,0,0
1299,1,0,0,0,0,0,0,0,0,0
1300,1,0,0,0,0,0,0,0,0,0
1301,1,0,0,0,0,0,0,0,0,0
1302,1,0,0,0,0,0,0,0,0,0
1303,1,0,0,0,0,0,0,0,0,0
1304,1,0,0,0,0,0,0,0,0,0
1305,1,0,0,0,0,0,0,0,0,0
1306,1,0,0,0,0,0,0,0,0,0
1307,1,0,0,0,0,0,0,0,0,0
1308,1,0,0,0,0,0,0,0,0,0
1309,1,0,0,0,0,0,0,0,0,0
1310,1,0,0,0,0,0,0,0,0,0
1311,1,0,0,0,0,0,0,0,0,0
1312,1,0,0,0,0,0,0,0,0,0
1313,1,0,0,0,0,0,0,0,0,0
1314,1,0,0,0,0,0,0,0,0,0
1315,1,0,0,0,0,0,0,0,0,0
1316,1,0,0,0,0,0,0,0,0,0
1317,1,0,0,0,0,0,0,0,0,0
1318,1,0,0,0,0,0,0,0,0,0
1319,1,0,0,0,0,0,0,0,0,0
1320,1,0,0,0,0,0,0,0,0,0
1321,1,0,0,0,0,0,0,0,0,0
1322,1,0,0,0,0,0,0,0,0,0
1323,1,0,0,0,0,0,0,0,0,0
1324,1,0,0,0,0,0,0,0,0,0
1325,0,0,0,0,0,0,0,0,0,0
1326,0,0,0,0,0,0,0,0,0,0
1327,0,0,0,0,0,0,0,0,0,0
1328,0,0,0,0,0,0,0,0,0,0
1329,0,0,0,0,0,0,0,0,0,0
1330,0,0,0,0,0,0,0,0,0,0
1331,0,0,0,0,0,0,0,0,0,0
1332,0,0,0,0,0,0,0,0,0,0
1333,0,0,0,0,0,0,0,0,0,0
1334,0,0,0,0,0,0,0,0,0,0
1335,0,0,0,0,0,0,0,0,0,0
1336,0,0,0,0,0,0,0,0,0,0
1337,0,0,0,0,0,0,0,0,0,0
1338,0,0,0,0,0,0,0,0,0,0
1339,0,0,0,0,0,0,0,0,0,0
1340,0,0,0,0,0,0,0,0,0,0
1341,0,0,0,0,0,0,0,0,0,0
1342,0,0,0,0,0,0,0,0,0,0
1343,0,0,0,0,0,0,0,0,0,0
1344,0,0,0,0,0,0,0,0,0,0
1345,0,0,0,0,0,0,0,0,0,0
1346,0,0,0,0,0,0,0,0,0,0
1347,0,0,0,0,0,0,0,0,0,0
1348,0,0,0,0,0,0,0,0,0,0
1349,0,0,0,0,0,0,0,0,0,0
1350,0,0,0,0,0,0,0,0,0,0
1351,0,0,0,0,0,0,0,0,0,0
1352,0,0,0,0,0,0,0,0,0,0
1353,0,0,0,0,0,0,0,0,0,0
1354,0,0,0,0,0,0,0,0,0,0
1355,0,0,0,0,0,0,0,0,0,0
1356,0,0,0,0,0,0,0,0,0,0
1357,0,0,0,0,0,0,0,0,0,0
1358,0,0,0,0,0,0,0,0,0,0
1359,0,0,0,0,0,0,0,0,0,0
1360,0,0,0,0,0,0,0,0,0,0
1361,0,0,0,0,0,0,0,0,0,0
1362,0,0,0,0,0,0,0,0,0,0
1363,0,0,0,0,0,0,0,0,0,0
1364,0,0,0,0,0,0,0,0,0,0
1365,0,0,0,0,0,0,0,0,0,0
1366,0,0,0,0,0,0,0,0,0,0
1367,0,0,0,0,0,0,0,0,0,0
1368,0,0,0,0,0,0,0,0,0,0
1369,0,0,0,0,0,0,0,0,0,0
1370,0,0,0,0,0,0,0,0,0,0
1371,0,1,0,1,1,0,1,0,0,0
1372,0,1,0,1,1,0,1,0,0,0
1373,0,1,0,1,1,0,1,0,0,0
1374,0,1,0,1,1,0,1,0,0,0
1375,0,1,0,1,1,0,1,0,0,0
1376,0,1,0,1,1,0,1,0,0,0
1377,0,1,0,1,1,0,1,0,0,0
1378,0,1,0,1,1,0,1,0,0,0
1379,0,1,0,1,1,0,1,0,0,0
1380,0,1,0,1,1,0,1,0,0,0
1381,0,1,0,1,1,0,1,0,0,0
1382,0,1,0,1,1,0,1,0,0,0
1383,0,1,0,1,1,0,1,0,0,0
1384,0,1,0,1,1,0,1,0,0,0
1385,0,1,0,1,1,0,1,0,0,0
1386,0,1,0,1,1,0,1,0,0,0
1387,0,1,0,1,1,0,1,0,0,0
1388,0,1,0,1,1,0,1,0,0,0
1389,0,1,0,1,1,0,1,0,0,0
1390,0,1,0,1,1,0,1,0,0,0
1391,0,1,0,1,1,0,1,0,0,0
1392,0,1,0,1,1,0,1,0,0,0
1393,0,1,0,1,1,0,1,0,0,0
1394,0,1,0,1,1,0,1,0,0,0
1395,0,1,0,1,1,0,1,0,0,0
1396,0,1,0,1,1,0,1,0,0,0
1397,0,1,0,1,1,0,1,0,0,0
1398,0,1,0,1,1,0,1,0,0,0
1399,0,1,0,1,1,0,1,0,0,0
1400,0,1,0,1,1,0,1,0,0,0
1401,0,1,0,1,1,0,1,0,0,0
1402,0,1,0,1,1,0,1,0,0,0
1403,0,1,0,1,1,0,1,0,0,0
1404,0,1,0,1,1,0,1,0,0,0
1405,0,1,0,1,1,0,1,0,0,0
1406,0,1,0,1,1,0,1,0,0,0
1407,0,1,0,1,1,0,1,0,0,0
1408,0,1,0,1,1,0,1,0,0,0
1409,0,1,0,1,1,0,1,0,0,0
1410,0,1,0,1,1,0,1,0,0,0
1411,0,1,0,1,1,0,1,0,0,0
1412,0,1,0,1,1,0,1,0,0,0
1413,0,1,0,1,1,0,1,0,0,0
1414,0,1,0,1,1,0,1,0,0,0
1415,0,1,0,1,1,0,1,0,0,0
1416,0,1,0,1,1,0,1,0,0,0
1417,0,1,0,1,1,0,1,0,0,0
1418,0,1,0,1,1,0,1,0,0,0
1419,0,1,0,1,1,0,1,0,0,0
1420,0,1,0,1,1,0,1,0,0,0
1421,0,1,0,1,1,0,1,0,0,0
1422,0,1,0,1,1,0,1,0,0,0
1423,0,1,0,1,1,0,1,0,0,0
1424,0,1,0,1,1,0,1,0,0,0
1425,0,1,0,1,1,0,1,0,0,0
1426,0,1,0,1,1,0,1,0,0,0
1427,0,1,0,1,1,0,1,0,0,0
1428,0,1,0,1,1,0,1,0,0,0
1429,0,1,0,1,1,0,1,0,0,0
1430,0,1,0,1,1,0,1,0,0,0
1431,0,1,0,1,1,0,1,0,0,0
1432,0,1,0,1,1,0,1,0,0,0
1433,0,1,0,1,1,0,1,0,0,0
1434,0,1,0,1,1,0,1,0,0,0
1435,0,1,0,1,1,0,1,0,0,0
1436,0,1,0,1,1,0,1,0,0,0
1437,0,1,0,1,1,0,1,0,0,0
1438,0,1,0,1,1,0,1,0,0,0
1439,0,1,0,1,1,0,1,0,0,0
1440,0,1,0,1,1,0,1,0,0,0
1441,0,1,0,1,1,0,1,0,0,0
1442,0,1,0,1,1,0,1,0,0,0
1443,0,1,0,1,1,0,1,0,0,0
1444,0,1,0,1,1,0,1,0,0,0
1445,0,1,0,1,1,0,1,0,0,0
1446,0,1,0,1,1,0,1,0,0,0
1447,0,1,0,1,1,0,1,0,0,0
1448,0,1,0,1,1,0,1,0,0,0
1449,0,1,0,1,1,0,1,0,0,0
1450,0,1,0,1,1,0,1,0,0,0
1451,0,1,0,1,1,0,1,0,0,0
1452,0,1,0,1,1,0,1,0,0,0
1453,0,1,0,1,1,0,1,0,0,0
1454,0,1,0,1,1,0,1,0,0,0
1455,0,1,0,1,1,0,1,0,0,0
1456,0,1,0,1,1,0,1,0,0,0
1457,0,1,0,1,1,0,1,0,0,0
1458,0,1,0,1,1,0,1,0,0,0
1459,0,1,0,1,1,0,1,0,0,0
1460,0,1,0,1,1,0,1,0,0,0
1461,0,1,0,1,1,0,1,0,0,0
1462,0,1,0,1,1,0,1,0,0,0
1463,0,1,0,1,1,0,1,0,0,0
1464,0,1,0,1,1,0,1,0,0,0
1465,0,1,0,1,1,0,1,0,0,0
1466,0,1,0,1,1,0,1,0,0,0
1467,0,1,0,1,1,0,1,0,0,0
1468,0,1,0,1,1,0,1,0,0,0
1469,0,1,0,1,1,0,1,0,0,0
1470,0,1,0,1,1,0,1,0,0,0
1471,0,1,0,1,1,0,1,0,0,0
1472,0,1,0,1,1,0,1,0,0,0
1473,0,1,0,1,1,0,1,0,0,0
1474,0,1,0,1,1,0,1,0,0,0
1475,0,1,0,1,1,0,1,0,0,0
1476,0,1,0,1,1,0,1,0,0,0
1477,0,1,0,1,1,0,1,0,0,0
1478,0,1,0,1,1,0,1,0,0,0
1479,0,1,0,1,1,0,1,0,0,0
1480,0,1,0,1,1,0,1,0,0,0
1481,0,1,0,1,1,0,1,0,0,0
1482,0,1,0,1,1,0,1,0,0,0
1483,0,1,0,1,1,0,1,0,0,0
1484,0,1,0,1,1,0,1,0,0,0
1485,0,1,0,1,1,0,1,0,0,0
1486,0,1,0,1,1,0,1,0,0,0
1487,0,1,0,1,1,0,1,0,0,0
1488,0,1,0,1,1,0,1,0,0,0
1489,0,1,0,1,1,0,1,0,0,0
1490,0,1,0,1,1,0,1,0,0,0
1491,0,1,0,1,1,0,1,0,0,0
1492,0,1,0,1,1,0,1,0,0,0
1493,0,1,0,1,1,0,1,0,0,0
1494,0,1,0,1,1,0,1,0,0,0
1495,0,1,0,1,1,0,1,0,0,0
1496,0,1,0,1,1,0,1,0,0,0
1497,0,1,0,1,1,0,1,0,0,0
1498,0,1,0,1,1,0,1,0,0,0
1499,0,1,0,1,1,0,1,0,0,0
1500,0,1,0,1,1,0,1,0,0,0
1501,0,1,0,1,1,0,1,0,0,0
1502,0,1,0,1,1,0,1,0,0,0
1503,0,1,0,1,1,0,1,0,0,0
1504,0,1,0,1,1,0,1,0,0,0
1505,0,1,0,1,1,0,1,0,0,0
1506,0,1,0,1,1,0,1,0,0,0
1507,0,1,0,1,1,0,1,0,0,0
1508,0,1,0,1,1,0,1,0,0,0
1509,0,1,0,1,1,0,1,0,0,0
1510,0,1,0,1,1,0,1,0,0,0
1511,0,1,0,1,1,0,1,0,0,0
1512,0,1,0,1,1,0,1,0,0,0
1513,0,1,0,1,1,0,1,0,0,0
1514,0,1,0,1,1,0,1,0,0,0
1515,0,1,0,1,1,0,1,0,0,0
1516,0,1,0,1,1,0,1,0,0,0
1517,0,1,0,1,1,0,1,0,0,0
1518,0,1,0,1,1,0,1,0,0,0
1519,0,1,0,1,1,0,1,0,0,0
1520,0,1,0,1,1,0,1,0,0,0
1521,0,1,0,1,1,0,1,0,0,0
1522,0,1,0,1,1,0,1,0,0,0
1523,0,1,0,1,1,0,1,0,0,0
1524,0,1,0,1,1,0,1,0,0,0
1525,0,1,0,1,1,0,1,0,0,0
1526,0,1,0,1,1,0,1,0,0,0
1527,0,1,0,1,1,0,1,0,0,0
1528,0,1,0,1,1,0,1,0,0,0
1529,0,1,0,1,1,0,1,0,0,0
1530,0,1,0,1,1,0,1,0,0,0
1531,0,1,0,1,1,0,1,0,0,0
1532,0,1,0,1,1,0,1,0,0,0
1533,0,1,0,1,1,0,1,0,0,0
1534,0,1,0,1,1,0,1,0,0,0
1535,0,1,0,1,1,0,1,0,0,0
1536,0,1,0,1,1,0,1,0,0,0
1537,0,1,0,1,1,0,1,0,0,0
1538,0,1,0,1,1,0,1,0,0,0
1539,0,1,0,1,1,0,1,0,0,0
1540,0,1,0,1,1,0,1,0,0,0
1541,0,1,0,1,1,0,1,0,0,0
1542,0,1,0,1,1,0,1,0,0,0
1543,0,1,0,1,1,0,1,0,0,0
1544,0,1,0,1,1,0,1,0,0,0
1545,0,1,0,1,1,0,1,0,0,0
1546,0,1,0,1,1,0,1,0,0,0
1547,0,1,0,1,1,0,1,0,0,0
1548,0,1,0,1,1,0,1,0,0,0
1549,0,1,0,1,1,0,1,0,0,0
1550,0,1,0,1,1,0,1,0,0,0
1551,0,1,0,1,1,0,1,0,0,0
1552,0,1,0,1,1,0,1,0,0,0
1553,0,1,0,1,1,0,1,0,0,0
1554,0,1,0,1,1,0,1,0,0,0
1555,0,1,0,1,1,0,1,0,0,0
1556,0,1,0,1,1,0,1,0,0,0
1557,0,1,0,1,1,0,1,0,0,0
1558,0,1,0,1,1,0,1,0,0,0
1559,0,1,0,1,1,0,1,0,0,0
1560,0,1,0,1,1,0,1,0,0,0
1561,0,1,0,1,1,0,1,0,0,0
1562,0,1,0,1,1,0,1,0,0,0
1563,0,1,0,1,1,0,1,0,0,0
1564,0,1,0,1,1,0,1,0,0,0
1565,0,1,0,1,1,0,1,0,0,0
1566,0,1,0,1,1,0,1,0,0,0
1567,0,1,0,1,1,0,1,0,0,0
1568,0,1,0,1,1,0,1,0,0,0
1569,0,1,0,1,1,0,1,0,0,0
1570,0,1,0,1,1,0,1,0,0,0
1571,0,1,0,1,1,0,1,0,0,0
1572,0,1,0,1,1,0,1,0,0,0
1573,0,1,0,1,1,0,1,0,0,0
1574,0,1,0,1,1,0,1,0,0,0
1575,0,1,0,1,1,0,1,0,0,0
1576,0,1,0,1,1,0,1,0,0,0
1577,0,1,0,1,1,0,1,0,0,0
1578,0,1,0,1,1,0,1,0,0,0
1579,0,1,0,1,1,0,1,0,0,0
1580,0,1,0,1,1,0,1,0,0,0
1581,0,1,0,1,1,0,1,0,0,0
1582,0,1,0,1,1,0,1,0,0,0
1583,0,1,0,1,1,0,1,0,0,0
1584,0,1,0,1,1,0,1,0,0,0
1585,0,1,0,1,1,0,1,0,0,0
1586,0,1,0,1,1,0,1,0,0,0
1587,0,1,0,1,1,0,1,0,0,0
1588,0,1,0,1,1,0,1,0,0,0
1589,0,1,0,1,1,0,1,0,0,0
1590,0,1,0,1,1,0,1,0,0,0
1591,0,1,0,1,1,0,1,0,0,0
1592,0,1,0,1,1,0,1,0,0,0
1593,0,1,0,1,1,0,1,0,0,0
1594,0,1,0,1,1,0,1,0,0,0
1595,0,1,0,1,1,0,1,0,0,0
1596,0,1,0,1,1,0,1,0,0,0
1597,0,1,0,1,1,0,1,0,0,0
1598,0,1,0,1,1,0,1,0,0,0
1599,0,1,0,1,1,0,1,0,0,0
1600,0,1,0,1,1,0,1,0,0,0
1601,0,1,0,1,1,0,1,0,0,0
1602,0,1,0,1,1,0,1,0,0,0
1603,0,1,0,1,1,0,1,0,0,0
1604,0,1,0,1,1,0,1,0,0,0
1605,0,1,0,1,1,0,1,0,0,0
1606,0,1,0,1,1,0,1,0,0,0
1607,0,1,0,1,1,0,1,0,0,0
1608,0,1,0,1,1,0,1,0,0,0
1609,0,1,0,1,1,0,1,0,0,0
1610,0,1,0,1,1,0,1,0,0,0
1611,0,1,0,1,1,0,1,0,0,0
1612,0,1,0,1,1,0,1,0,0,0
1613,0,1,0,1,1,0,1,0,0,0
1614,0,1,0,1,1,0,1,0,0,0
1615,0,1,0,1,1,0,1,0,0,0
1616,0,1,0,1,1,0,1,0,0,0
1617,0,1,0,1,1,0,1,0,0,0
1618,0,1,0,1,1,0,1,0,0,0
1619,0,1,0,1,1,0,1,0,0,0
1620,0,1,0,1,1,0,1,0,0,0
1621,0,1,0,1,1,0,1,0,0,0
1622,0,1,0,1,1,0,1,0,0,0
1623,0,1,0,1,1,0,1,0,0,0
1624,0,1,0,1,1,0,1,0,0,0
1625,0,1,0,1,1,0,1,0,0,0
1626,0,1,0,1,1,0,1,0,0,0
1627,0,1,0,1,1,0,1,0,0,0
1628,0,1,0,1,1,0,1,0,0,0
1629,0,1,0,1,1,0,1,0,0,0
1630,0,1,0,1,1,0,1,0,0,0
1631,0,1,0,1,1,0,1,0,0,0
1632,0,1,0,1,1,0,1,0,0,0
1633,0,1,0,1,1,0,1,0,0,0
1634,0,1,0,1,1,0,1,0,0,0
1635,0,1,0,1,1,0,1,0,0,0
1636,0,1,0,1,1,0,1,0,0,0
1637,0,1,0,1,1,0,1,0,0,0
1638,0,1,0,1,1,0,1,0,0,0
1639,0,1,0,1,1,0,1,0,0,0
1640,0,1,0,1,1,0,1,0,0,0
1641,0,1,0,1,1,0,1,0,0,0
1642,0,1,0,1,1,0,1,0,0,0
1643,0,1,0,1,1,0,1,0,0,0
1644,0,1,0,1,1,0,1,0,0,0
1645,0,1,0,1,1,0,1,0,0,0
1646,0,1,0,1,1,0,1,0,0,0
1647,0,1,0,1,1,0,1,0,0,0
1648,0,1,0,1,1,0,1,0,0,0
1649,0,1,0,1,1,0,1,0,0,0
1650,0,1,0,1,1,0,1,0,0,0
1651,0,1,0,1,1,0,1,0,0,0
1652,0,1,0,1,1,0,1,0,0,0
1653,0,1,0,1,1,0,1,0,0,0
1654,0,1,0,1,1,0,1,0,0,0
1655,0,1,0,1,1,0,1,0,0,0
1656,0,1,0,1,1,0,1,0,0,0
1657,0,1,0,1,1,0,1,0,0,0
1658,0,1,0,1,1,0,1,0,0,0
1659,0,1,0,1,1,0,1,0,0,0
1660,0,1,0,1,1,0,1,0,0,0
1661,0,1,0,1,1,0,1,0,0,0
1662,0,1,0,1,1,0,1,0,0,0
1663,0,1,0,1,1,0,1,0,0,0
1664,0,1,0,1,1,0,1,0,0,0
1665,0,1,0,1,1,0,1,0,0,0
1666,0,1,0,1,1,0,1,0,0,0
1667,0,1,0,1,1,0,1,0,0,0
1668,0,1,0,1,1,0,1,0,0,0
1669,0,1,0,1,1,0,1,0,0,0
1670,0,1,0,1,1,0,1,0,0,0
1671,0,1,0,1,1,0,1,0,0,0
1672,0,1,0,1,1,0,1,0,0,0
1673,0,1,0,1,1,0,1,0,0,0
1674,0,1,0,1,1,0,1,0,0,0
1675,0,1,0,1,1,0,1,0,0,0
1676,0,1,0,1,1,0,1,0,0,0
1677,0,1,0,1,1,0,1,0,0,0
1678,0,1,0,1,1,0,1,0,0,0
1679,0,1,0,1,1,0,1,0,0,0
1680,0,1,0,1,1,0,1,0,0,0
1681,0,1,0,1,1,0,1,0,0,0
1682,0,1,0,1,1,0,1,0,0,0
1683,0,1,0,1,1,0,1,0,0,0
1684,0,1,0,1,1,0,1,0,0,0
1685,0,1,0,1,1,0,1,0,0,0
1686,0,1,0,1,1,0,1,0,0,0
1687,0,1,0,1,1,0,1,0,0,0
1688,0,1,0,1,1,0,1,0,0,0
1689,0,1,0,1,1,0,1,0,0,0
1690,0,1,0,1,1,0,1,0,0,0
1691,0,1,0,1,1,0,1,0,0,0
1692,0,1,0,1,1,0,1,0,0,0
1693,0,1,0,1,1,0,1,0,0,0
1694,0,1,0,1,1,0,1,0,0,0
1695,0,1,0,1,1,0,1,0,0,0
1696,0,1,0,1,1,0,1,0,0,0
1697,0,1,0,1,1,0,1,0,0,0
1698,0,1,0,1,1,0,1,0,0,0
1699,0,1,0,1,1,0,1,0,0,0
1700,0,1,0,1,1,0,1,0,0,0
1701,0,1,0,1,1,0,1,0,0,0
1702,0,1,0,1,1,0,1,0,0,0
1703,0,1,0,1,1,0,1,0,0,0
1704,0,1,0,1,1,0,1,0,0,0
1705,0,1,0,1,1,0,1,0,0,0
1706,0,1,0,1,1,0,1,0,0,0
1707,0,1,0,1,1,0,1,0,0,0
1708,0,1,0,1,1,0,1,0,0,0
1709,0,1,0,1,1,0,1,0,0,0
1710,0,1,0,1,1,0,1,0,0,0
1711,0,1,0,1,1,0,1,0,0,0
1712,0,1,0,1,1,0,1,0,0,0
1713,0,1,0,1,1,0,1,0,0,0
1714,0,1,0,1,1,0,1,0,0,0
1715,0,1,0,1,1,0,1,0,0,0
1716,0,1,0,1,1,0,1,0,0,0
1717,0,1,0,1,1,0,1,0,0,0
1718,0,1,0,1,1,0,1,0,0,0
1719,0,1,0,1,1,0,1,0,0,0
1720,0,1,0,1,1,0,1,0,0,0
1721,0,1,0,1,1,0,1,0,0,0
1722,0,1,0,1,1,0,1,0,0,0
1723,0,1,0,1,1,0,1,0,0,0
1724,0,1,0,1,1,0,1,0,0,0
1725,0,1,0,1,1,0,1,0,0,0
1726,0,1,0,1,1,0,1,0,0,0
1727,0,1,0,1,1,0,1,0,0,0
1728,0,1,0,1,1,0,1,0,0,0
1729,0,1,0,1,1,0,1,0,0,0
1730,0,1,0,1,1,0,1,0,0,0
1731,0,1,0,1,1,0,1,0,0,0
1732,0,1,0,1,1,0,1,0,0,0
1733,0,1,0,1,1,0,1,0,0,0
1734,0,1,0,1,1,0,1,0,0,0
1735,0,1,0,1,1,0,1,0,0,0
1736,0,1,0,1,1,0,1,0,0,0
1737,0,1,0,1,1,0,1,0,0,0
1738,0,1,0,1,1,0,1,0,0,0
1739,0,1,0,1,1,0,1,0,0,0
1740,0,1,0,1,1,0,1,0,0,0
1741,0,1,0,1,1,0,1,0,0,0
1742,0,1,0,1,1,0,1,0,0,0
1743,0,1,0,1,1,0,1,0,0,0
1744,0,1,0,1,1,0,1,0,0,0
1745,0,1,0,1,1,0,1,0,0,0
1746,0,1,0,1,1,0,1,0,0,0
1747,0,1,0,1,1,0,1,0,0,0
1748,0,1,0,1,1,0,1,0,0,0
1749,0,1,0,1,1,0,1,0,0,0
1750,0,1,0,1,1,0,1,0,0,0
1751,0,1,0,1,1,0,1,0,0,0
1752,0,1,0,1,1,0,1,0,0,0
1753,0,1,0,1,1,0,1,0,0,0
1754,0,1,0,1,1,0,1,0,0,0
1755,0,1,0,1,1,0,1,0,0,0
1756,0,1,0,1,1,0,1,0,0,0
1757,0,1,0,1,1,0,1,0,0,0
1758,0,1,0,1,1,0,1,0,0,0
1759,0,1,0,1,1,0,1,0,0,0
1760,0,1,0,1,1,0,1,0,0,0
1761,0,1,0,1,1,0,1,0,0,0
1762,0,1,0,1,1,0,1,0,0,0
1763,0,1,0,1,1,0,1,0,0,0
1764,0,1,0,1,1,0,1,0,0,0
1765,0,1,0,1,1,0,1,0,0,0
1766,0,1,0,1,1,0,1,0,0,0
1767,0,1,0,1,1,0,1,0,0,0
1768,0,1,0,1,1,0,1,0,0,0
1769,0,1,0,1,1,0,1,0,0,0
1770,0,1,0,1,1,0,1,0,0,0
1771,0,1,0,1,1,0,1,0,0,0
1772,0,1,0,1,1,0,1,0,0,0
1773,0,1,0,1,1,0,1,0,0,0
1774,0,1,0,1,1,0,1,0,0,0
1775,0,1,0,1,1,0,1,0,0,0
1776,0,1,0,1,1,0,1,0,0,0
1777,0,1,0,1,1,0,1,0,0,0
1778,0,1,0,1,1,0,1,0,0,0
1779,0,1,0,1,1,0,1,0,0,0
1780,0,1,0,1,1,0,1,0,0,0
1781,0,1,0,1,1,0,1,0,0,0
1782,0,1,0,1,1,0,1,0,0,0
1783,0,1,0,1,1,0,1,0,0,0
1784,0,1,0,1,1,0,1,0,0,0
1785,0,1,0,1,1,0,1,0,0,0
1786,0,1,0,1,1,0,1,0,0,0
1787,0,1,0,1,1,0,1,0,0,0
1788,0,1,0,1,1,0,1,0,0,0
1789,0,1,0,1,1,0,1,0,0,0
1790,0,1,0,1,1,0,1,0,0,0
1791,0,1,0,1,1,0,1,0,0,0
1792,0,1,0,1,1,0,1,0,0,0
1793,0,1,0,1,1,0,1,0,0,0
1794,0,1,0,1,1,0,1,0,0,0
1795,0,1,0,1,1,0,1,0,0,0
1796,0,1,0,1,1,0,1,0,0,0
1797,0,1,0,1,1,0,1,0,0,0
1798,0,1,0,1,1,0,1,0,0,0
1799,0,1,0,1,1,0,1,0,0,0
1800,0,1,0,1,1,0,1,0,0,0
1801,0,1,0,1,1,0,1,0,0,0
1802,0,1,0,1,1,0,1,0,0,0
1803,0,1,0,1,1,0,1,0,0,0
1804,0,1,0,1,1,0,1,0,0,0
1805,0,1,0,1,1,0,1,0,0,0
1806,0,1,0,1,1,0,1,0,0,0
1807,0,1,0,1,1,0,1,0,0,0
1808,0,1,0,1,1,0,1,0,0,0
1809,0,1,0,1,1,0,1,0,0,0
1810,0,1,0,1,1,0,1,0,0,0
1811,0,1,0,1,1,0,1,0,0,0
1812,0,1,0,1,1,0,1,0,0,0
1813,0,1,0,1,1,0,1,0,0,0
1814,0,1,0,1,1,0,1,0,0,0
1815,0,1,0,1,1,0,1,0,0,0
1816,0,1,0,1,1,0,1,0,0,0
1817,0,1,0,1,1,0,1,0,0,0
1818,0,1,0,1,1,0,1,0,0,0
1819,0,1,0,1,1,0,1,0,0,0
1820,0,1,0,1,1,0,1,0,0,0
1821,0,1,0,1,1,0,1,0,0,0
1822,0,1,0,1,1,0,1,0,0,0
1823,0,1,0,1,1,0,1,0,0,0
1824,0,1,0,1,1,0,1,0,0,0
1825,0,1,0,1,1,0,1,0,0,0
1826,0,1,0,1,1,0,1,0,0,0
1827,0,1,0,1,1,0,1,0,0,0
1828,0,1,0,1,1,0,1,0,0,0
1829,0,1,0,1,1,0,1,0,0,0
1830,0,1,0,1,1,0,1,0,0,0
1831,0,1,0,1,1,0,1,0,0,0
1832,0,1,0,1,1,0,1,0,0,0
1833,0,1,0,1,1,0,1,0,0,0
1834,0,1,0,1,1,0,1,0,0,0
1835,0,1,0,1,1,0,1,0,0,0
1836,0,1,0,1,1,0,1,0,0,0
1837,0,1,0,1,1,0,1,0,0,0
1838,0,1,0,1,1,0,1,0,0,0
1839,0,1,0,1,1,0,1,0,0,0
1840,0,1,0,1,0,0,1,0,0,0
1841,0,1,0,1,0,0,1,0,0,0
1842,0,1,0,1,0,0,1,0,0,0
1843,0,1,0,1,0,0,1,0,0,0
1844,0,1,0,1,0,0,1,0,0,0
1845,0,1,0,1,0,0,1,0,0,0
1846,0,1,0,0,0,0,1,0,0,0
1847,0,1,0,0,0,0,0,0,0,0
1848,0,0,0,0,0,0,0,0,0,0
1849,0,0,0,0,0,0,0,0,0,0
1850,0,0,0,0,0,0,1,0,0,0
1851,0,0,0,0,0,0,1,0,0,0
1852,0,0,0,0,0,0,1,0,0,0
1853,0,0,0,0,0,0,0,0,0,0
1854,0,0,0,0,0,0,0,0,0,0
1855,0,0,0,0,0,0,0,0,0,0
1856,0,0,0,0,0,0,0,0,0,0
1857,0,0,0,0,0,0,0,0,0,0
1858,0,0,0,0,0,0,0,0,0,0
1859,0,0,0,0,0,0,0,0,0,0
1860,0,0,0,0,0,0,0,0,0,0
1861,0,0,0,0,0,0,0,0,0,0
1862,0,0,0,0,0,0,0,0,0,0
1863,0,0,0,0,0,0,0,0,0,0
1864,0,0,0,0,0,0,0,0,0,0
1865,0,0,0,0,0,0,0,0,0,0
1866,0,0,0,0,0,0,0,0,0,0
1867,0,0,0,0,0,0,0,0,0,0
1868,0,0,0,0,0,0,0,0,0,0
1869,0,0,0,0,0,0,0,0,0,0
1870,0,0,0,0,0,0,0,0,0,0
1871,0,0,0,0,0,0,0,0,0,0
1872,0,0,0,0,0,0,0,0,0,0
1873,0,0,0,0,0,0,0,0,0,0
1874,0,0,0,0,0,0,0,0,0,0
1875,0,0,0,0,0,0,0,0,0,0
1876,0,0,0,0,0,0,0,0,0,0
1877,0,0,0,0,0,0,0,0,0,0
1878,0,0,0,0,0,0,0,0,0,0
1879,0,0,0,0,0,0,0,0,0,0
1880,0,0,0,0,0,0,0,0,0,0
1881,0,0,0,0,0,0,0,0,0,0
1882,0,0,0,0,0,0,0,0,0,0
1883,0,0,0,0,0,0,0,0,0,0
1884,0,0,0,0,0,0,0,0,0,0
1885,0,0,0,0,0,0,0,0,0,0
1886,0,0,0,0,0,0,0,0,0,0
1887,0,0,0,0,0,0,0,0,0,0
1888,0,0,0,0,0,0,0,0,0,0
1889,0,0,0,0,0,0,0,0,0,0
1890,0,0,0,0,0,0,0,0,0,0
1891,0,0,0,0,0,0,0,0,0,0
1892,0,0,0,0,0,0,0,0,0,0
1893,0,0,0,0,0,0,0,0,0,0
1894,0,0,0,0,0,0,0,0,0,0
1895,0,0,0,0,0,0,0,0,0,0
1896,0,0,0,0,0,0,0,0,0,0
1897,0,0,0,0,0,0,0,0,0,0
1898,0,0,0,0,0,0,0,0,0,0
1899,0,0,0,0,0,0,0,0,0,0
1900,0,0,0,0,0,0,0,0,0,0
1901,0,0,0,0,0,0,0,0,0,0
1902,0,0,0,0,0,0,0,0,0,0
1903,0,0,0,0,0,0,0,0,0,0
1904,0,0,0,0,0,0,0,0,0,0
1905,0,0,0,0,0,0,0,0,0,0
1906,0,0,0,0,0,0,0,0,0,0
1907,0,0,0,0,0,0,0,0,0,0
1908,0,0,0,0,0,0,0,0,0,0
1909,0,0,0,0,0,0,0,0,0,0
1910,0,0,0,0,0,0,0,0,0,0
1911,0,0,0,0,0,0,0,0,0,0
1912,0,0,0,0,0,0,0,0,0,0
1913,0,0,0,0,0,0,0,0,0,0
1914,0,0,0,0,0,0,0,0,0,0
1915,0,0,0,0,0,0,0,0,0,0
1916,0,0,0,0,0,0,0,0,0,0
1917,0,0,0,0,0,0,0,0,0,0
1918,0,0,0,0,0,0,0,0,0,0
1919,0,0,0,0,0,0,0,0,0,0
1920,0,0,0,0,0,0,0,0,0,0
1921,0,0,0,0,0,0,0,0,0,0
1922,0,0,0,0,0,0,0,0,0,0
1923,0,0,0,0,0,0,0,0,0,0
1924,0,0,0,0,0,0,0,0,0,0
1925,0,0,0,0,0,0,0,0,0,0
1926,0,0,0,0,0,0,0,0,0,0
1927,0,0,0,0,0,0,0,0,0,0
1928,0,0,0,0,0,0,0,0,0,0
1929,0,0,0,0,0,0,0,0,0,0
1930,0,0,0,0,0,0,0,0,0,0
1931,0,0,0,0,0,0,0,0,0,0
1932,0,0,0,0,0,0,0,0,0,0
1933,0,0,0,0,0,0,0,0,0,0
1934,0,0,0,0,0,0,0,0,0,0
1935,0,0,0,0,0,0,0,0,0,0
1936,0,0,0,0,0,0,0,0,0,0
1937,0,0,0,0,0,0,0,0,0,0
1938,0,0,0,0,0,0,0,0,0,0
1939,0,0,0,0,0,0,0,0,0,0
1940,0,0,0,0,0,0,0,0,0,0
1941,0,0,0,0,0,0,0,0,0,0
1942,0,0,0,0,0,0,0,0,0,0
1943,0,0,0,0,0,0,0,0,0,0
1944,0,0,0,0,0,0,0,0,0,0
1945,0,0,0,0,0,0,0,0,0,0
1946,0,0,0,0,0,0,0,0,0,0
1947,0,0,0,0,0,0,0,0,0,0
1948,0,0,0,0,0,0,0,0,0,0
1949,0,0,0,0,0,0,0,0,0,0
1950,0,0,0,0,0,0,0,0,0,0
1951,0,0,0,0,0,0,0,0,0,0
1952,0,0,0,0,0,0,0,0,0,0
1953,0,0,0,0,0,0,0,0,0,0
1954,0,0,0,0,0,0,0,0,0,0
1955,0,0,0,0,0,0,0,0,0,0
1956,0,0,0,0,0,0,0,0,0,0
1957,0,0,0,0,0,0,0,0,0,0
1958,0,0,0,0,0,0,0,0,0,0
1959,0,0,0,0,0,0,0,0,0,0
1960,0,0,0,0,0,0,0,0,0,0
1961,0,0,0,0,0,0,0,0,0,0
1962,0,0,0,0,0,0,0,0,0,0
1963,0,0,0,0,0,0,0,0,0,0
1964,0,0,0,0,0,0,0,0,0,0
1965,0,0,0,0,0,0,0,0,0,0
1966,0,0,0,0,0,0,0,0,0,0
1967,0,0,0,0,0,0,0,0,0,0
1968,0,0,0,0,0,0,0,0,0,0
1969,0,0,0,0,0,0,0,0,0,0
1970,0,0,0,0,0,0,0,0,0,0
1971,0,0,0,0,0,0,0,0,0,0
1972,0,0,0,0,0,0,0,0,0,0
1973,0,0,0,0,0,0,0,0,0,0
1974,0,0,0,0,0,0,0,0,0,0
1975,0,0,0,0,0,0,0,0,0,0
1976,0,0,0,0,0,0,0,0,0,0
1977,0,0,0,0,0,0,0,0,0,0
1978,0,0,0,0,0,0,0,0,0,0
1979,0,0,0,0,0,0,0,0,0,0
1980,0,0,0,0,0,0,0,0,0,0
1981,0,0,0,0,0,0,0,0,0,0
1982,0,0,0,0,0,0,0,0,0,0
1983,0,0,0,0,0,0,0,0,0,0
1984,0,0,0,0,0,0,0,0,0,0
1985,0,0,0,0,0,0,0,0,0,0
1986,0,0,0,0,0,0,0,0,0,0
1987,0,0,0,0,0,0,0,0,0,0
1988,0,0,0,0,0,0,0,0,0,0
1989,0,0,0,0,0,0,0,0,0,0
1990,0,0,0,0,0,0,0,0,0,0
1991,0,0,0,0,0,0,0,0,0,0
1992,0,0,0,0,0,0,0,0,0,0
1993,0,0,0,0,0,0,0,0,0,0
1994,0,0,0,0,0,0,0,0,0,0
1995,0,0,0,0,0,0,0,0,0,0
1996,0,0,0,0,0,0,0,0,0,0
1997,0,0,0,0,0,0,0,0,0,0
1998,0,0,0,0,0,0,0,0,0,0
1999,0,0,0,0,0,0,0,0,0,0
2000,0,0,0,0,0,0,0,0,0,0
2001,0,0,0,0,0,0,0,0,0,0
2002,0,0,0,0,0,0,0,0,0,0
2003,0,0,0,0,0,0,0,0,0,0
2004,0,0,0,0,0,0,0,0,0,0
2005,0,0,0,0,0,0,0,0,0,0
2006,0,0,0,0,0,0,0,0,0,0
2007,0,0,0,0,0,0,0,0,0,0
2008,0,0,0,0,0,0,0,0,0,0
2009,0,0,0,0,0,0,0,0,0,0
2010,0,0,0,0,0,0,0,0,0,0
2011,0,0,0,0,0,0,0,0,0,0
2012,0,0,0,0,0,0,0,0,0,0
2013,0,0,0,0,0,0,0,0,0,0
2014,0,0,0,0,0,0,0,0,0,0
2015,0,0,0,0,0,0,0,0,0,0
2016,0,0,0,0,0,0,0,0,0,0
2017,0,0,0,0,0,0,0,0,0,0
2018,0,0,0,0,0,0,0,0,0,0
2019,0,0,0,0,0,0,0,0,0,0
2020,0,0,0,0,0,0,0,0,0,0
2021,0,0,0,0,0,0,0,0,0,0
2022,0,0,0,0,0,0,0,0,0,0
2023,0,0,0,0,0,0,0,0,0,0
2024,0,0,0,0,0,0,0,0,0,0
2025,0,0,0,0,0,0,0,0,0,0
2026,0,0,0,0,0,0,0,0,0,0
2027,0,0,0,0,0,0,0,0,0,0
2028,0,0,0,0,0,0,0,0,0,0
2029,0,0,0,0,0,0,0,0,0,0
2030,0,0,0,0,0,0,0,0,0,0
2031,0,0,0,0,0,0,0,0,0,0
2032,0,0,0,0,0,0,0,0,0,0
2033,0,0,0,0,0,0,0,0,0,0
2034,0,0,0,0,0,0,0,0,0,0
2035,0,0,0,0,0,0,0,0,0,0
2036,0,0,0,0,0,0,0,0,0,0
2037,0,0,0,0,0,0,0,0,0,0
2038,0,0,0,0,0,0,0,0,0,0
2039,0,0,0,0,0,0,0,0,0,0
2040,0,0,0,0,0,0,0,0,0,0
2041,0,0,0,0,0,0,0,0,0,0
2042,0,0,0,0,0,0,0,0,0,0
2043,0,0,0,0,0,0,0,0,0,0
2044,0,0,0,0,0,0,0,0,0,0
2045,0,0,0,0,0,0,0,0,0,0
2046,0,0,0,0,0,0,0,0,0,0
2047,0,0,0,0,0,0,0,0,0,0
2048,0,0,0,0,0,0,0,0,0,0
2049,0,0,0,0,0,0,0,0,0,0
2050,0,0,0,0,0,0,0,0,0,0
2051,0,0,0,0,0,0,0,0,0,0
2052,0,0,0,0,0,0,0,0,0,0
2053,0,0,0,0,0,0,0,0,0,0
2054,0,0,0,0,0,0,0,0,0,0
2055,0,0,0,0,0,0,0,0,0,0
2056,0,0,0,0,0,0,0,0,0,0
2057,0,0,0,0,0,0,0,0,0,0
2058,0,0,0,0,0,0,0,0,0,0
2059,0,0,0,0,0,0,0,0,0,0
2060,0,0,0,0,0,0,0,0,0,0
2061,0,0,0,0,0,0,0,0,0,0
2062,0,0,0,0,0,0,0,0,0,0
2063,0,0,0,0,0,0,0,0,0,0
2064,0,0,0,0,0,0,0,0,0,0
2065,0,0,0,0,0,0,0,0,0,0
2066,0,0,0,0,0,0,0,0,0,0
2067,0,0,0,0,0,0,0,0,0,0
2068,0,0,0,0,0,0,0,0,0,0
2069,0,0,0,0,0,0,0,0,0,0
2070,0,0,0,0,0,0,0,0,0,0
2071,0,0,0,0,0,0,0,0,0,0
2072,0,0,0,0,0,0,0,0,0,0
2073,0,0,0,0,0,0,0,0,0,0
2074,0,0,0,0,0,0,0,0,0,0
2075,0,0,0,0,0,0,0,0,0,0
2076,0,0,0,0,0,0,0,0,0,0
2077,0,0,0,0,0,0,0,0,0,0
2078,0,0,0,0,0,0,0,0,0,0
2079,0,0,0,0,0,0,0,0,0,0
2080,0,0,0,0,0,0,0,0,0,0
2081,0,0,0,0,0,0,0,0,0,0
2082,0,0,0,0,0,0,0,0,0,0
2083,0,0,0,0,0,0,0,0,0,0
2084,0,0,0,0,0,0,0,0,0,0
2085,0,0,0,0,0,0,0,0,0,0
2086,0,0,0,0,0,0,0,0,0,0
2087,0,0,0,0,0,0,0,0,0,0
2088,0,0,0,0,0,0,0,0,0,0
2089,0,0,0,0,0,0,0,0,0,0
2090,0,0,0,0,0,0,0,0,0,0
2091,0,0,0,0,0,0,0,0,0,0
2092,0,0,0,0,0,0,0,0,0,0
2093,0,0,0,0,0,0,0,0,0,0
2094,0,0,0,0,0,0,0,0,0,0
2095,0,0,0,0,0,0,0,0,0,0
2096,0,0,0,0,0,0,0,0,0,0
2097,0,0,0,0,0,0,0,0,0,0
2098,0,0,0,0,0,0,0,0,0,0
2099,0,0,0,0,0,0,0,0,0,0
2100,0,0,0,0,0,0,0,0,0,0
2101,0,0,0,0,0,0,0,0,0,0
2102,0,0,0,0,0,0,0,0,0,0
2103,0,0,0,0,0,0,0,0,0,0
2104,0,0,0,0,0,0,0,0,0,0
2105,0,0,0,0,0,0,0,0,0,0
2106,0,0,0,0,0,0,0,0,0,0
2107,0,0,0,0,0,0,0,0,0,0
2108,0,0,0,0,0,0,0,0,0,0
2109,0,0,0,0,0,0,0,0,0,0
2110,0,0,0,0,0,0,0,0,0,0
2111,0,0,0,0,0,0,0,0,0,0
2112,0,0,0,0,0,0,0,0,0,0
2113,0,0,0,0,0,0,0,0,0,0
2114,0,0,0,0,0,0,0,0,0,0
2115,0,0,0,0,0,0,0,0,0,0
2116,0,0,0,0,0,0,0,0,0,0
2117,0,0,0,0,0,0,0,0,0,0
2118,0,0,0,0,0,0,0,0,0,0
2119,0,0,0,0,0,0,0,0,0,0
2120,0,0,0,0,0,0,0,0,0,0
2121,0,0,0,0,0,0,0,0,0,0
2122,0,0,0,0,0,0,0,0,0,0
2123,0,0,0,0,0,0,0,0,0,0
2124,0,0,0,0,0,0,0,0,0,0
2125,0,0,0,0,0,0,0,0,0,0
2126,0,0,0,0,0,0,0,0,0,0
2127,0,0,0,0,0,0,0,0,0,0
2128,0,0,0,0,0,0,0,0,0,0
2129,0,0,0,0,0,0,0,0,0,0
2130,0,0,0,0,0,0,0,0,0,0
2131,0,0,0,0,0,0,0,0,0,0
2132,0,0,0,0,0,0,0,0,0,0
2133,0,0,0,0,0,0,0,0,0,0
2134,0,0,0,0,0,0,0,0,0,0
2135,0,0,0,0,0,0,0,0,0,0
2136,0,0,0,0,0,0,0,0,0,0
2137,0,0,0,0,0,0,0,0,0,0
2138,0,0,0,0,0,0,0,0,0,0
2139,0,0,0,0,0,0,0,0,0,0
2140,0,0,0,0,0,0,0,0,0,0
2141,0,0,1,0,0,1,0,0,1,1
2142,0,0,1,0,0,1,0,0,1,1
2143,0,0,1,0,0,1,0,0,1,1
2144,0,0,1,0,0,1,0,0,1,1
2145,0,0,1,0,0,1,0,0,1,1
2146,0,0,1,0,0,1,0,0,1,1
2147,0,0,1,0,0,1,0,0,1,1
2148,0,0,1,0,0,1,0,0,1,1
2149,0,0,1,0,0,1,0,0,1,1
2150,0,0,1,0,0,1,0,0,1,1
2151,0,0,1,0,0,1,0,0,1,1
2152,0,0,1,0,0,1,0,0,1,1
2153,0,0,1,0,0,1,0,0,1,1
2154,0,0,1,0,0,1,0,0,1,1
2155,0,0,1,0,0,1,0,0,1,1
2156,0,0,1,0,0,1,0,0,1,1
2157,0,0,1,0,0,1,0,0,1,1
2158,0,0,1,0,0,1,0,0,1,1
2159,0,0,1,0,0,1,0,0,1,1
2160,0,0,1,0,0,1,0,0,1,1
2161,0,0,1,0,0,1,0,0,1,1
2162,0,0,1,0,0,1,0,0,1,1
2163,0,0,1,0,0,1,0,0,1,1
2164,0,0,1,0,0,1,0,0,1,1
2165,0,0,1,0,0,1,0,0,1,1
2166,0,0,1,0,0,1,0,0,1,1
2167,0,0,1,0,0,1,0,0,1,1
2168,0,0,1,0,0,1,0,0,1,1
2169,0,0,1,0,0,1,0,0,1,1
2170,0,0,1,0,0,1,0,0,1,1
2171,0,0,1,0,0,1,0,0,1,1
2172,0,0,1,0,0,1,0,0,1,1
2173,0,0,1,0,0,1,0,0,1,1
2174,0,0,1,0,0,1,0,0,1,1
2175,0,0,1,0,0,1,0,0,1,1
2176,0,0,1,0,0,1,0,0,1,1
2177,0,0,1,0,0,1,0,0,1,1
2178,0,0,1,0,0,1,0,0,1,1
2179,0,0,1,0,0,1,0,0,1,1
2180,0,0,1,0,0,1,0,0,1,1
2181,0,0,1,0,0,1,0,0,1,1
2182,0,0,1,0,0,1,0,0,1,1
2183,0,0,1,0,0,1,0,0,1,1
2184,0,0,1,0,0,1,0,0,1,1
2185,0,0,1,0,0,1,0,0,1,1
2186,0,0,1,0,0,1,0,0,1,1
2187,0,0,1,0,0,1,0,0,1,1
2188,0,0,1,0,0,1,0,0,1,1
2189,0,0,1,0,0,1,0,0,1,1
2190,0,0,1,0,0,1,0,0,1,1
2191,0,0,1,0,0,1,0,0,1,1
2192,0,0,1,0,0,1,0,0,1,1
2193,0,0,1,0,0,1,0,0,1,1
2194,0,0,1,0,0,1,0,0,1,1
2195,0,0,1,0,0,1,0,0,1,1
2196,0,0,1,0,0,1,0,0,1,1
2197,0,0,1,0,0,1,0,0,1,1
2198,0,0,1,0,0,1,0,0,1,1
2199,0,0,1,0,0,1,0,0,1,1
2200,0,0,1,0,0,1,0,0,1,1
2201,0,0,1,0,0,1,0,0,1,1
2202,0,0,1,0,0,1,0,0,1,1
2203,0,0,1,0,0,1,0,0,1,1
2204,0,0,1,0,0,1,0,0,1,1
2205,0,0,1,0,0,1,0,0,1,1
2206,0,0,1,0,0,1,0,0,1,1
2207,0,0,1,0,0,1,0,0,1,1
2208,0,0,1,0,0,1,0,0,1,1
2209,0,0,1,0,0,1,0,0,1,1
2210,0,0,1,0,0,1,0,0,1,1
2211,0,0,1,0,0,1,0,0,1,1
2212,0,0,1,0,0,1,0,0,1,1
2213,0,0,1,0,0,1,0,0,1,1
2214,0,0,1,0,0,1,0,0,1,1
2215,0,0,1,0,0,1,0,0,1,1
2216,0,0,1,0,0,1,0,0,1,1
2217,0,0,1,0,0,1,0,0,1,1
2218,0,0,1,0,0,1,0,0,1,1
2219,0,0,1,0,0,1,0,0,1,1
2220,0,0,1,0,0,1,0,0,1,1
2221,0,0,1,0,0,1,0,0,1,1
2222,0,0,1,0,0,1,0,0,1,1
2223,0,0,1,0,0,1,0,0,1,1
2224,0,0,1,0,0,1,0,0,1,1
2225,0,0,1,0,0,1,0,0,1,1
2226,0,0,1,0,0,1,0,0,1,1
2227,0,0,1,0,0,1,0,0,1,1
2228,0,0,1,0,0,1,0,0,1,1
2229,0,0,1,0,0,1,0,0,1,1
2230,0,0,1,0,0,1,0,0,1,1
2231,0,0,1,0,0,1,0,0,1,1
2232,0,0,1,0,0,1,0,0,1,1
2233,0,0,1,0,0,1,0,0,1,1
2234,0,0,1,0,0,1,0,0,1,1
2235,0,0,1,0,0,1,0,0,1,1
2236,0,0,1,0,0,1,0,0,1,1
2237,0,0,1,0,0,1,0,0,1,1
2238,0,0,1,0,0,1,0,0,1,1
2239,0,0,1,0,0,1,0,0,1,1
2240,0,0,1,0,0,1,0,0,1,1
2241,0,0,1,0,0,1,0,0,1,1
2242,0,0,1,0,0,1,0,0,1,1
2243,0,0,1,0,0,1,0,0,1,1
2244,0,0,1,0,0,1,0,0,1,1
2245,0,0,1,0,0,1,0,0,1,1
2246,0,0,1,0,0,1,0,0,1,1
2247,0,0,1,0,0,1,0,0,1,1
2248,0,0,1,0,0,1,0,0,1,1
2249,0,0,1,0,0,1,0,0,1,1
2250,0,0,1,0,0,1,0,0,1,1
2251,0,0,1,0,0,1,0,0,1,1
2252,0,0,1,0,0,1,0,0,1,1
2253,0,0,1,0,0,1,0,0,1,1
2254,0,0,1,0,0,1,0,0,1,1
2255,0,0,1,0,0,1,0,0,1,1
2256,0,0,1,0,0,1,0,0,1,1
2257,0,0,1,0,0,1,0,0,1,1
2258,0,0,1,0,0,1,0,0,1,1
2259,0,0,1,0,0,1,0,0,1,1
2260,0,0,1,0,0,1,0,0,1,1
2261,0,0,1,0,0,1,0,0,1,1
2262,0,0,1,0,0,1,0,0,1,1
2263,0,0,1,0,0,1,0,0,1,1
2264,0,0,1,0,0,1,0,0,1,1
2265,0,0,1,0,0,1,0,0,1,1
2266,0,0,1,0,0,1,0,0,1,1
2267,0,0,1,0,0,1,0,0,1,1
2268,0,0,1,0,0,1,0,0,1,1
2269,0,0,1,0,0,1,0,0,1,1
2270,0,0,1,0,0,1,0,0,1,1
2271,0,0,1,0,0,1,0,0,1,1
2272,0,0,1,0,0,1,0,0,1,1
2273,0,0,1,0,0,1,0,0,1,1
2274,0,0,1,0,0,1,0,0,1,1
2275,0,0,1,0,0,1,0,0,1,1
2276,0,0,1,0,0,1,0,0,1,1
2277,0,0,1,0,0,1,0,0,1,1
2278,0,0,1,0,0,1,0,0,1,1
2279,0,0,1,0,0,1,0,0,1,1
2280,0,0,1,0,0,1,0,0,1,1
2281,0,0,1,0,0,1,0,0,1,1
2282,0,0,1,0,0,1,0,0,1,1
2283,0,0,1,0,0,1,0,0,1,1
2284,0,0,1,0,0,1,0,0,1,1
2285,0,0,1,0,0,1,0,0,1,1
2286,0,0,1,0,0,1,0,0,1,1
2287,0,0,1,0,0,1,0,0,1,1
2288,0,0,1,0,0,1,0,0,1,1
2289,0,0,1,0,0,0,0,0,1,1
2290,0,0,1,0,0,0,0,0,1,1
2291,0,0,1,0,0,0,0,0,1,1
2292,0,0,1,0,0,0,0,0,1,1
2293,0,0,1,0,0,0,0,0,1,1
2294,0,0,1,0,0,0,0,0,1,1
2295,0,0,1,0,0,0,0,0,1,1
2296,0,0,1,0,0,0,0,0,1,1
2297,0,0,1,0,0,0,0,0,1,1
2298,0,0,1,0,0,0,0,0,1,1
2299,0,0,1,0,0,0,0,0,1,1
2300,0,0,1,0,0,0,0,0,1,1
2301,0,0,1,0,0,0,0,0,1,1
2302,0,0,1,0,0,0,0,0,1,1
2303,0,0,1,0,0,0,0,0,1,1
2304,0,0,1,0,0,0,0,0,1,1
2305,0,0,1,0,0,0,0,0,1,1
2306,0,0,1,0,0,0,0,0,1,1
2307,0,0,1,0,0,0,0,0,1,1
2308,0,0,1,0,0,0,0,0,1,1
2309,0,0,1,0,0,0,0,0,1,1
2310,0,0,1,0,0,0,0,0,1,1
2311,0,0,1,0,0,0,0,0,1,1
2312,0,0,1,0,0,0,0,0,1,1
2313,0,0,1,0,0,0,0,0,1,1
2314,0,0,1,0,0,0,0,0,1,1
2315,0,0,1,0,0,0,0,0,1,1
2316,0,0,1,0,0,0,0,0,1,1
2317,0,0,1,0,0,0,0,0,1,1
2318,0,0,1,0,0,0,0,0,1,1
2319,0,0,1,0,0,0,0,0,1,1
2320,0,0,1,0,0,0,0,0,1,1
2321,0,0,0,0,0,0,0,0,0,0
2322,0,0,0,0,0,0,0,0,0,0
2323,0,0,0,0,0,0,0,0,0,0
2324,0,0,0,0,0,0,0,0,0,0
2325,0,0,0,0,0,0,0,0,0,0
2326,0,0,0,0,0,0,0,0,0,0
2327,0,0,0,0,0,0,0,0,0,0
2328,0,0,0,0,0,0,0,0,0,0
2329,0,0,0,0,0,0,0,0,0,0
2330,0,0,0,0,0,0,0,0,0,0
2331,0,0,0,0,0,0,0,0,0,0
2332,0,0,0,0,0,0,0,0,0,0
2333,0,0,0,0,0,0,0,0,0,0
2334,0,0,0,0,0,0,0,0,0,0
2335,0,0,0,0,0,0,0,0,0,0
2336,0,0,0,0,0,0,0,0,0,0
2337,0,0,0,0,0,0,0,0,0,0
2338,0,0,0,0,0,0,0,0,0,0
2339,0,0,0,0,0,0,0,0,0,0
2340,0,0,0,0,0,0,0,0,0,0
2341,0,0,0,0,0,0,0,0,0,0
2342,0,0,0,0,0,0,0,0,0,0
2343,0,0,0,0,0,0,0,0,0,0
2344,0,0,0,0,0,0,0,0,0,0
2345,0,0,0,0,0,0,0,0,0,0
2346,0,0,0,0,0,0,0,0,0,0
2347,0,0,0,0,0,0,0,0,0,0
2348,0,0,0,0,0,0,0,0,0,0
2349,0,0,0,0,0,0,0,0,0,0
2350,0,0,0,0,0,0,0,0,0,0
2351,0,0,0,0,0,0,0,0,0,0
2352,0,0,0,0,0,0,0,0,0,0
2353,0,0,0,0,0,0,0,0,0,0
2354,0,0,0,0,0,0,0,0,0,0
2355,0,0,0,0,0,0,0,0,0,0
2356,0,0,0,0,0,0,0,0,0,0
2357,0,0,0,0,0,0,0,0,0,0
2358,0,0,0,0,0,0,0,0,0,0
2359,0,0,0,0,0,0,0,0,0,0
2360,0,0,0,0,0,0,0,0,0,0
2361,0,0,0,0,0,0,0,0,0,0
2362,0,0,0,0,0,0,0,0,0,0
2363,0,0,0,0,0,0,0,0,0,0
2364,0,0,0,0,0,0,0,0,0,0
2365,0,0,0,0,0,0,0,0,0,0
2366,0,0,0,0,0,0,0,0,0,0
2367,0,0,0,0,0,0,0,0,0,0
2368,0,0,0,0,0,0,0,0,0,0
2369,0,0,0,0,0,0,0,0,0,0
2370,0,0,0,0,0,0,0,0,0,0
2371,0,0,0,0,0,0,0,0,0,0
2372,0,0,0,0,0,0,0,0,0,0
2373,0,0,0,0,0,0,0,0,0,0
2374,0,0,0,0,0,0,0,0,0,0
2375,0,0,0,0,0,0,0,0,0,0
2376,0,0,0,0,0,0,0,0,0,0
2377,0,0,0,0,0,0,0,0,0,0
2378,0,0,0,0,0,0,0,0,0,0
2379,0,0,0,0,0,0,0,0,0,0
2380,0,0,0,0,0,0,0,0,0,0
2381,0,0,0,0,0,0,0,0,0,0
2382,0,0,0,0,0,0,0,0,0,0
2383,0,0,0,0,0,0,0,0,0,0
2384,0,0,0,0,0,0,0,0,0,0
2385,0,0,0,0,0,0,0,0,0,0
2386,0,0,0,0,0,0,0,0,0,0
2387,0,0,0,0,0,0,0,0,0,0
2388,0,0,0,0,0,0,0,0,0,0
2389,0,0,0,0,0,0,0,0,0,0
2390,0,0,0,0,0,0,0,0,0,0
2391,0,0,0,0,0,0,0,0,0,0
2392,0,0,0,0,0,0,0,0,0,0
2393,0,0,0,0,0,0,0,0,0,0
2394,0,0,0,0,0,0,0,0,0,0
2395,0,0,0,0,0,0,0,0,0,0
2396,0,0,0,0,0,0,0,0,0,0
2397,0,0,0,0,0,0,0,0,0,0
2398,0,0,0,0,0,0,0,0,0,0
2399,0,0,0,0,0,0,0,0,0,0
2400,0,0,0,0,0,0,0,0,0,0
2401,0,0,0,0,0,0,0,0,0,0
2402,0,0,0,0,0,0,0,0,0,0
2403,0,0,0,0,0,0,0,0,0,0
2404,0,0,0,0,0,0,0,0,0,0
2405,0,0,1,0,0,0,0,0,1,1
2406,0,0,1,0,0,0,0,0,1,1
2407,0,0,1,0,0,0,0,0,1,1
2408,0,0,1,0,0,0,0,0,1,1
2409,0,0,1,0,0,0,0,0,1,1
2410,0,0,1,0,0,0,0,0,1,1
2411,0,0,1,0,0,0,0,0,1,1
2412,0,0,1,0,0,0,0,0,1,1
2413,0,0,1,0,0,0,0,0,1,1
2414,0,0,1,0,0,0,0,0,1,1
2415,0,0,1,0,0,0,0,0,1,1
2416,0,0,1,0,0,0,0,0,1,1
2417,0,0,1,0,0,0,0,0,1,1
2418,0,0,1,0,0,0,0,0,1,1
2419,0,0,1,0,0,0,0,0,1,1
2420,0,0,1,0,0,0,0,0,1,1
2421,0,0,1,0,0,0,0,0,1,1
2422,0,0,1,0,0,0,0,0,1,1
2423,0,0,1,0,0,0,0,0,1,1
2424,0,0,1,0,0,0,0,0,1,1
2425,0,0,1,0,0,0,0,0,1,1
2426,0,0,1,0,0,0,0,0,1,1
2427,0,0,1,0,0,0,0,0,1,1
2428,0,0,1,0,0,0,0,0,1,1
2429,0,0,1,0,0,0,0,0,1,1
2430,0,0,1,0,0,0,0,0,1,1
2431,0,0,1,0,0,0,0,0,1,1
2432,0,0,1,0,0,0,0,0,1,1
2433,0,0,1,0,0,0,0,0,1,1
2434,0,0,1,0,0,0,0,0,1,1
2435,0,0,1,0,0,0,0,0,1,1
2436,0,0,1,0,0,0,0,0,1,1
2437,0,0,1,0,0,0,0,0,1,1
2438,0,0,1,0,0,0,0,0,1,1
2439,0,0,1,0,0,0,0,0,1,1
2440,0,0,1,0,0,0,0,0,1,1
2441,0,0,1,0,0,0,0,0,1,1
2442,0,0,1,0,0,0,0,0,1,1
2443,0,0,1,0,0,0,0,0,1,1
2444,0,0,1,0,0,0,0,0,1,1
2445,0,0,1,0,0,0,0,0,1,1
2446,0,0,1,0,0,0,0,0,1,1
2447,0,0,1,0,0,0,0,0,1,1
2448,0,0,1,0,0,0,0,0,1,1
2449,0,0,1,0,0,0,0,0,1,1
2450,0,0,1,0,0,0,0,0,1,1
2451,0,0,1,0,0,0,0,0,1,1
2452,0,0,1,0,0,0,0,0,1,1
2453,0,0,1,0,0,0,0,0,1,1
2454,0,0,1,0,0,0,0,0,1,1
2455,0,0,1,0,0,0,0,0,1,1
2456,0,0,1,0,0,0,0,0,1,1
2457,0,0,1,0,0,0,0,0,1,1
2458,0,0,1,0,0,0,0,0,1,1
2459,0,0,1,0,0,0,0,0,1,1
2460,0,0,1,0,0,0,0,0,1,1
2461,0,0,1,0,0,0,0,0,1,1
2462,0,0,1,0,0,0,0,0,1,1
2463,0,0,1,0,0,0,0,0,1,1
2464,0,0,1,0,0,0,0,0,1,1
2465,0,0,1,0,0,0,0,0,1,1
2466,0,0,1,0,0,0,0,0,1,1
2467,0,0,1,0,0,0,0,0,1,1
2468,0,0,1,0,0,0,0,0,1,1
2469,0,0,1,0,0,0,0,0,1,1
2470,0,0,1,0,0,0,0,0,1,1
2471,0,0,1,0,0,0,0,0,1,1
2472,0,0,1,0,0,0,0,0,1,1
2473,0,0,1,0,0,0,0,0,1,1
2474,0,0,1,0,0,0,0,0,1,1
2475,0,0,1,0,0,0,0,0,1,1
2476,0,0,1,0,0,0,0,0,1,1
2477,0,0,1,0,0,0,0,0,1,1
2478,0,0,1,0,0,0,0,0,1,1
2479,0,0,1,0,0,0,0,0,1,1
2480,0,0,1,0,0,0,0,0,1,1
2481,0,0,1,0,0,0,0,0,1,1
2482,0,0,1,0,0,0,0,0,1,1
2483,0,0,1,0,0,0,0,0,1,1
2484,0,0,1,0,0,0,0,0,1,1
2485,0,0,0,0,0,0,0,0,1,0
2486,0,0,0,0,0,0,0,0,1,0
2487,0,0,0,0,0,0,0,0,1,0
2488,0,0,0,0,0,0,0,0,1,0
2489,0,0,0,0,0,0,0,0,1,0
2490,0,0,0,0,0,0,0,0,1,0
2491,0,0,0,0,0,0,0,0,1,0
2492,0,0,0,0,0,0,0,0,0,0
2493,0,0,1,0,0,0,0,0,0,1
2494,0,0,1,0,0,0,0,0,0,1
2495,0,0,1,0,0,0,0,0,0,1
2496,0,0,1,0,0,0,0,0,0,1
2497,0,0,1,0,0,0,0,0,0,1
2498,0,0,1,0,0,0,0,0,0,1
2499,0,0,1,0,0,0,0,0,0,1
2500,0,0,1,0,0,0,0,0,0,1
2501,0,0,1,0,0,0,0,0,0,1
2502,0,0,1,0,0,0,0,0,0,1
2503,0,0,1,0,0,0,0,0,0,1
2504,0,0,1,0,0,0,0,0,0,1
2505,0,0,1,0,0,0,0,0,0,1
2506,0,0,1,0,0,0,0,0,0,1
2507,0,0,1,0,0,0,0,0,0,1
2508,0,0,1,0,0,0,0,0,0,1
2509,0,0,1,0,0,0,0,0,0,1
2510,0,0,1,0,0,0,0,0,0,1
2511,0,0,1,0,0,0,0,0,0,1
2512,0,0,1,0,0,0,0,0,0,1
2513,0,0,1,0,0,0,0,0,0,1
2514,0,0,1,0,0,0,0,0,0,1
2515,0,0,1,0,0,0,0,0,0,1
2516,0,0,1,0,0,0,0,0,0,1
2517,0,0,1,0,0,0,0,0,0,1
2518,0,0,1,0,0,0,0,0,0,1
2519,0,0,1,0,0,0,0,0,0,1
2520,0,0,1,0,0,0,0,0,0,1
2521,0,0,1,0,0,0,0,0,0,1
2522,0,0,1,0,0,0,0,0,0,1
2523,0,0,1,0,0,0,0,0,0,1
2524,0,0,1,0,0,0,0,0,0,1
2525,0,0,1,0,0,0,0,0,0,1
2526,0,0,0,0,0,0,0,0,0,0
2527,0,0,0,0,0,0,0,0,0,0
2528,0,0,0,0,0,0,0,0,0,0
2529,0,0,0,0,0,0,0,0,0,0
2530,0,0,0,0,0,0,0,0,0,0
2531,0,0,0,0,0,0,0,0,0,0
2532,0,0,0,0,0,0,0,0,0,0
2533,0,0,0,0,0,0,0,0,0,0
2534,0,0,0,0,0,0,0,0,0,0
2535,0,0,0,0,0,0,0,0,0,0
2536,0,0,0,0,0,0,0,0,0,0
2537,0,0,0,0,0,0,0,0,0,0
2538,0,0,0,0,0,0,0,0,0,0
2539,0,0,0,0,0,0,0,0,0,0
2540,0,0,0,0,0,0,0,0,0,0
2541,0,0,0,0,0,0,0,0,0,0
2542,0,0,0,0,0,0,0,0,0,0
2543,0,0,0,0,0,0,0,0,0,0
2544,0,0,0,0,0,0,0,0,0,0
2545,0,0,0,0,0,0,0,0,0,0
2546,0,0,0,0,0,0,0,0,0,0
2547,0,0,0,0,0,0,0,0,0,0
2548,0,0,0,0,0,0,0,0,0,0
2549,0,0,0,0,0,0,0,0,0,0
2550,0,0,0,0,0,0,0,0,0,0
2551,0,0,0,0,0,0,0,0,0,0
2552,0,0,0,0,0,0,0,0,0,0
2553,0,0,0,0,0,0,0,0,0,0
2554,0,0,0,0,0,0,0,0,0,0
2555,0,0,0,0,0,0,0,0,0,0
2556,0,0,0,0,0,0,0,0,0,0
2557,0,0,0,0,0,0,0,0,0,0
2558,0,0,0,0,0,0,0,0,0,0
2559,0,0,0,0,0,0,0,0,0,0
2560,0,0,0,0,0,0,0,0,0,0
2561,0,0,0,0,0,0,0,0,0,0
2562,0,0,0,0,0,0,0,0,0,0
2563,0,0,0,0,0,0,0,0,0,0
2564,0,0,0,0,0,0,0,0,0,0
2565,0,0,0,0,0,0,0,0,0,0
2566,0,0,0,0,0,0,0,0,0,0
2567,0,0,0,0,0,0,0,0,0,0
2568,0,0,0,0,0,0,0,0,0,0
2569,0,0,0,0,0,0,0,0,0,0
2570,0,0,0,0,0,0,0,0,0,0
2571,0,0,0,0,0,0,0,0,0,0
2572,0,0,0,0,0,0,0,0,0,0
2573,0,0,0,0,0,0,0,0,0,0
2574,0,0,0,0,0,0,0,0,0,0
2575,0,0,0,0,0,0,0,0,0,0
2576,0,0,0,0,0,0,0,0,0,0
2577,0,0,0,0,0,0,0,0,0,0
2578,0,0,0,0,0,0,0,0,0,0
2579,0,0,0,0,0,0,0,0,0,0
2580,0,0,0,0,0,0,0,0,0,0
2581,0,0,0,0,0,0,0,0,0,0
2582,0,0,0,0,0,0,0,0,0,0
2583,0,0,0,0,0,0,0,0,0,0
2584,0,0,0,0,0,0,0,0,0,0
2585,0,0,0,0,0,0,0,0,0,0
2586,0,0,0,0,0,0,0,0,0,0
2587,0,0,0,0,0,0,0,0,0,0
2588,0,0,0,0,0,0,0,0,0,0
2589,0,0,0,0,0,0,0,0,0,0
2590,0,0,0,0,0,0,0,0,0,0
2591,0,0,0,0,0,0,0,0,0,0
2592,0,0,0,0,0,0,0,0,0,0
2593,0,0,0,0,0,0,0,0,0,0
2594,0,0,0,0,0,0,0,0,0,0
2595,0,0,0,0,0,0,0,0,0,0
2596,0,0,0,0,0,0,0,0,0,0
2597,0,0,0,0,0,0,0,0,0,0
2598,0,0,0,0,0,0,0,0,0,0
2599,0,0,0,0,0,0,0,0,0,0
2600,0,0,0,0,0,0,0,0,0,0
2601,0,0,0,0,0,0,0,0,0,0
2602,0,0,0,0,0,0,0,0,0,0
2603,0,0,0,0,0,0,0,0,0,0
2604,0,0,0,0,0,0,0,0,0,0
2605,0,0,0,0,0,0,0,0,0,0
2606,0,0,0,0,0,0,0,0,0,0
2607,0,0,0,0,0,0,0,0,0,0
2608,0,0,0,0,0,0,0,0,0,0
2609,0,0,0,0,0,0,0,0,0,0
2610,0,0,0,0,0,0,0,0,0,0
2611,0,0,0,0,0,0,0,0,0,0
2612,0,0,0,0,0,0,0,0,0,0
2613,0,0,0,0,0,0,0,0,0,0
2614,0,0,0,0,0,0,0,0,0,0
2615,0,0,0,0,0,0,0,0,0,0
2616,0,0,0,0,0,0,0,0,0,0
2617,0,0,0,0,0,0,0,0,0,0
2618,0,0,0,0,0,0,0,0,0,0
2619,0,0,0,0,0,0,0,0,0,0
2620,0,0,0,0,0,0,0,0,0,0
2621,0,0,0,0,0,0,0,0,0,0
2622,0,0,0,0,0,0,0,0,0,0
2623,0,0,0,0,0,0,0,0,0,0
2624,0,0,0,0,0,0,0,0,0,0
2625,0,0,0,0,0,0,0,0,0,0
2626,0,0,0,0,0,0,0,0,0,0
2627,0,0,0,0,0,0,0,0,0,0
2628,0,0,0,0,0,0,0,0,0,0
2629,0,0,0,0,0,0,0,0,0,0
2630,0,0,0,0,0,0,0,0,0,0
2631,0,0,0,0,0,0,0,0,0,0
2632,0,0,0,0,0,0,0,0,0,0
2633,0,0,0,0,0,0,0,0,0,0
2634,0,0,0,0,0,0,0,0,0,0
2635,0,0,0,0,0,0,0,0,0,0
2636,0,0,0,0,0,0,0,0,0,0
2637,0,0,0,0,0,0,0,0,0,0
2638,0,0,0,0,0,0,0,0,0,0
2639,0,0,0,0,0,0,0,0,0,0
2640,0,0,0,0,0,0,0,0,0,0
2641,0,0,0,0,0,0,0,0,0,0
2642,0,0,0,0,0,0,0,0,0,0
2643,0,0,0,0,0,0,0,0,0,0
2644,0,0,0,0,0,0,0,0,0,0
2645,0,0,0,0,0,0,0,0,0,0
2646,0,0,0,0,0,0,0,0,0,0
2647,0,0,0,0,0,0,0,0,0,0
2648,0,0,0,0,0,0,0,0,0,0
2649,0,0,0,0,0,0,0,0,0,0
2650,0,0,0,0,0,0,0,0,0,0
2651,0,0,0,0,0,0,0,0,0,0
2652,0,0,0,0,0,0,0,0,0,0
2653,0,0,0,0,0,0,0,0,0,0
2654,0,0,0,0,0,0,0,0,0,0
2655,0,0,0,0,0,0,0,0,0,0
2656,0,0,0,0,0,0,0,0,0,0
2657,0,0,0,0,0,0,0,0,0,0
2658,0,0,0,0,0,0,0,0,0,0
2659,0,0,0,0,0,0,0,0,0,0
2660,0,0,0,0,0,0,0,0,0,0
2661,0,0,0,0,0,0,0,0,0,0
2662,0,0,0,0,0,0,0,0,0,0
2663,0,0,0,0,0,0,0,0,0,0
2664,0,0,0,0,0,0,0,0,0,0
2665,0,0,0,0,0,0,0,0,0,0
2666,0,0,0,0,0,0,0,0,0,0
2667,0,0,0,0,0,0,0,0,0,0
2668,0,0,0,0,0,0,0,0,0,0
2669,0,0,0,0,0,0,0,0,0,0
2670,0,0,0,0,0,0,0,0,0,0
2671,0,0,0,0,0,0,0,0,0,0
2672,0,0,0,0,0,0,0,0,0,0
2673,0,0,0,0,0,0,0,0,0,0
2674,0,0,0,0,0,0,0,0,0,0
2675,0,0,0,0,0,0,0,0,0,0
2676,0,0,0,0,0,0,0,0,0,0
2677,0,0,0,0,0,0,0,0,0,0
2678,0,0,0,0,0,0,0,0,0,0
2679,0,0,0,0,0,0,0,0,0,0
2680,0,0,0,0,0,0,0,0,0,0
2681,0,0,0,0,0,0,0,0,0,0
2682,0,0,0,0,0,0,0,0,0,0
2683,0,0,0,0,0,0,0,0,0,0
2684,0,0,0,0,0,0,0,0,0,0
2685,0,0,0,0,0,0,0,0,0,0
2686,0,0,0,0,0,0,0,0,0,0
2687,0,0,0,0,0,0,0,0,0,0
2688,0,0,0,0,0,0,0,0,0,0
2689,0,0,0,0,0,0,0,0,0,0
2690,0,0,0,0,0,0,0,0,0,0
2691,0,0,0,0,0,0,0,0,0,0
2692,0,0,0,0,0,0,0,0,0,0
2693,0,0,0,0,0,0,0,0,0,0
2694,0,0,0,0,0,0,0,0,0,0
2695,0,0,0,0,0,0,0,0,0,0
2696,0,0,0,0,0,0,0,0,0,0
2697,0,0,0,0,0,0,0,0,0,0
2698,0,0,0,0,0,0,0,0,0,0
2699,0,0,0,0,0,0,0,0,0,0
2700,0,0,0,0,0,0,0,0,0,0
2701,0,0,0,0,0,0,0,0,0,0
2702,0,0,0,0,0,0,0,0,0,0
2703,0,0,0,0,0,0,0,0,0,0
2704,0,0,0,0,0,0,0,0,0,0
2705,0,0,0,0,0,0,0,0,0,0
2706,0,0,0,0,0,0,0,0,0,0
2707,0,0,0,0,0,0,0,0,0,0
2708,0,0,0,0,0,0,0,0,0,0
2709,0,0,0,0,0,0,0,0,0,0
2710,0,0,0,0,0,0,0,0,0,0
2711,0,0,0,0,0,0,0,0,0,0
2712,0,0,0,0,0,0,0,0,0,0
2713,0,0,0,0,0,0,0,0,0,0
2714,0,0,0,0,0,0,0,0,0,0
2715,0,0,0,0,0,0,0,0,0,0
2716,0,0,0,0,0,0,0,0,0,0
2717,0,0,0,0,0,0,0,0,0,0
2718,0,0,0,0,0,0,0,0,0,0
2719,0,0,0,0,0,0,0,0,0,0
2720,0,0,0,0,0,0,0,0,0,0
2721,0,0,0,0,0,0,0,0,0,0
2722,0,0,0,0,0,0,0,0,0,0
2723,0,0,0,0,0,0,0,0,0,0
2724,0,0,0,0,0,0,0,0,0,0
2725,0,0,0,0,0,0,0,0,0,0
2726,0,0,0,0,0,0,0,0,0,0
2727,0,0,0,0,0,0,0,0,0,0
2728,0,0,0,0,0,0,0,0,0,0
2729,0,0,0,0,0,0,0,0,0,0
2730,0,0,0,0,0,0,0,0,0,0
2731,0,0,0,0,0,0,0,0,0,0
2732,0,0,0,0,0,0,0,0,0,0
2733,0,0,0,0,0,0,0,0,0,0
2734,0,0,0,0,0,0,0,0,0,0
2735,0,0,0,0,0,0,0,0,0,0
2736,0,0,0,0,0,0,0,0,0,0
2737,0,0,0,0,0,0,0,0,0,0
2738,0,0,0,0,0,0,0,0,0,0
2739,0,0,0,0,0,0,0,0,0,0
2740,0,0,0,0,0,0,0,0,0,0
2741,0,0,0,0,0,0,0,0,0,0
2742,0,0,0,0,0,0,0,0,0,0
2743,0,0,0,0,0,0,0,0,0,0
2744,0,0,0,0,0,0,0,0,0,0
2745,0,0,0,0,0,0,0,0,0,0
2746,0,0,0,0,0,0,0,0,0,0
2747,0,0,0,0,0,0,0,0,0,0
2748,0,0,0,0,0,0,0,0,0,0
2749,0,0,0,0,0,0,0,0,0,0
2750,0,0,0,0,0,0,0,0,0,0
2751,0,0,0,0,0,0,0,0,0,0
2752,0,0,0,0,0,0,0,0,0,0
2753,0,0,0,0,0,0,0,0,0,0
2754,0,0,0,0,0,0,0,0,0,0
2755,0,0,0,0,0,0,0,0,0,0
2756,0,0,0,0,0,0,0,0,0,0
2757,0,0,0,0,0,0,0,0,0,0
2758,0,0,0,0,0,0,0,0,0,0
2759,0,0,0,0,0,0,0,0,0,0
2760,0,0,0,0,0,0,0,0,0,0
2761,0,0,0,0,0,0,0,0,0,0
2762,0,0,0,0,0,0,0,0,0,0
2763,0,0,0,0,0,0,0,0,0,0
2764,0,0,0,0,0,0,0,0,0,0
2765,0,0,0,0,0,0,0,0,0,0
2766,0,0,0,0,0,0,0,0,0,0
2767,0,0,0,0,0,0,0,0,0,0
2768,0,0,0,0,0,0,0,0,0,0
2769,0,0,0,0,0,0,0,0,0,0
2770,0,0,0,0,0,0,0,0,0,0
2771,0,0,0,0,0,0,0,0,0,0
2772,0,0,0,0,0,0,0,0,0,0
2773,0,0,0,0,0,0,0,0,0,0
2774,0,0,0,0,0,0,0,0,0,0
2775,0,0,0,0,0,0,0,0,0,0
2776,0,0,0,0,0,0,0,0,0,0
2777,0,0,0,0,0,0,0,0,0,0
2778,0,0,0,0,0,0,0,0,0,0
2779,0,0,0,0,0,0,0,0,0,0
2780,0,0,0,0,0,0,0,0,0,0
2781,0,0,0,0,0,0,0,0,0,0
2782,0,0,0,0,0,0,0,0,0,0
2783,0,0,0,0,0,0,0,0,0,0
2784,0,0,0,0,0,0,0,0,0,0
2785,0,0,0,0,0,0,0,0,0,0
2786,0,0,0,0,0,0,0,0,0,0
2787,0,0,0,0,0,0,0,0,0,0
2788,0,0,0,0,0,0,0,0,0,0
2789,0,0,0,0,0,0,0,0,0,0
2790,0,0,0,0,0,0,0,0,0,0
2791,0,0,0,0,0,0,0,0,0,0
2792,0,0,0,0,0,0,0,0,0,0
2793,0,0,0,0,0,0,0,0,0,0
2794,0,0,0,0,0,0,0,0,0,0
2795,0,0,0,0,0,0,0,0,0,0
2796,0,0,0,0,0,0,0,0,0,0
2797,0,0,0,0,0,0,0,0,0,0
2798,0,0,0,0,0,0,0,0,0,0
2799,0,0,0,0,0,0,0,0,0,0
2800,0,0,0,0,0,0,0,0,0,0
2801,0,0,0,0,0,0,0,0,0,0
2802,0,0,0,0,0,0,0,0,0,0
2803,0,0,0,0,0,0,0,0,0,0
2804,0,0,0,0,0,0,0,0,0,0
2805,0,0,0,0,0,0,0,0,0,0
2806,0,0,0,0,0,0,0,0,0,0
2807,0,0,0,0,0,0,0,0,0,0
2808,0,0,0,0,0,0,0,0,0,0
2809,0,0,0,0,0,0,0,0,0,0
2810,0,0,0,0,0,0,0,0,0,0
2811,0,0,0,0,0,0,0,0,0,0
2812,0,0,0,0,0,0,0,0,0,0
2813,0,0,0,0,0,0,0,0,0,0
2814,0,0,0,0,0,0,0,0,0,0
2815,0,0,0,0,0,0,0,0,0,0
2816,0,0,0,0,0,0,0,0,0,0
2817,0,0,0,0,0,0,0,0,0,0
2818,0,0,0,0,0,0,0,0,0,0
2819,0,0,0,0,0,0,0,0,0,0
2820,0,0,0,0,0,0,0,0,0,0
2821,0,0,0,0,0,0,0,0,0,0
2822,0,0,0,0,0,0,0,0,0,0
2823,0,0,0,0,0,0,0,0,0,0
2824,0,0,0,0,0,0,0,0,0,0
2825,0,0,0,0,0,0,0,0,0,0
2826,0,0,0,0,0,0,0,0,0,0
2827,0,0,0,0,0,0,0,0,0,0
2828,0,0,0,0,0,0,0,0,0,0
2829,0,0,0,0,0,0,0,0,0,0
2830,0,0,0,0,0,0,0,0,0,0
2831,0,0,0,0,0,0,0,0,0,0
2832,0,0,0,0,0,0,0,0,0,0
2833,0,0,0,0,0,0,0,0,0,0
2834,0,0,0,0,0,0,0,0,0,0
2835,0,0,0,0,0,0,0,0,0,0
2836,0,0,0,0,0,0,0,0,0,0
2837,0,0,0,0,0,0,0,0,0,0
2838,0,0,0,0,0,0,0,0,0,0
2839,0,0,0,0,0,0,0,0,0,0
2840,0,0,0,0,0,0,0,0,0,0
2841,0,0,0,0,0,0,0,0,0,0
2842,0,0,0,0,0,0,0,0,0,0
2843,0,0,0,0,0,0,0,0,0,0
2844,0,0,0,0,0,0,0,0,0,0
2845,0,0,0,0,0,0,0,0,0,0
2846,0,0,0,0,0,0,0,0,0,0
2847,0,0,0,0,0,0,0,0,0,0
2848,0,0,0,0,0,0,0,0,0,0
2849,0,0,0,0,0,0,0,0,0,0
2850,0,0,0,0,0,0,0,0,0,0
2851,0,0,0,0,0,0,0,0,0,0
2852,0,0,0,0,0,0,0,0,0,0
2853,0,0,0,0,0,0,0,0,0,0
2854,0,0,0,0,0,0,0,0,0,0
2855,0,0,0,0,0,0,0,0,0,0
2856,0,0,0,0,0,0,0,0,0,0
2857,0,0,0,0,0,0,0,0,0,0
2858,0,0,0,0,0,0,0,0,0,0
2859,0,0,0,0,0,0,0,0,0,0
2860,0,0,0,0,0,0,0,0,0,0
2861,0,0,0,0,0,0,0,0,0,0
2862,0,0,0,0,0,0,0,0,0,0
2863,0,0,0,0,0,0,0,0,0,0
2864,0,0,0,0,0,0,0,0,0,0
2865,0,0,0,0,0,0,0,0,0,0
2866,0,0,0,0,0,0,0,0,0,0
2867,0,0,0,0,0,0,0,0,0,0
2868,0,0,0,0,0,0,0,0,0,0
2869,0,0,0,0,0,0,0,0,0,0
2870,0,0,0,0,0,0,0,0,0,0
2871,0,0,0,0,0,0,0,0,0,0
2872,0,0,0,0,0,0,0,0,0,0
2873,0,0,0,0,0,0,0,0,0,0
2874,0,0,0,0,0,0,0,0,0,0
2875,0,0,0,0,0,0,0,0,0,0
2876,0,0,0,0,0,0,0,0,0,0
2877,0,0,0,0,0,0,0,0,0,0
2878,0,0,0,0,0,0,0,0,0,0
2879,0,0,0,0,0,0,0,0,0,0
2880,0,0,0,0,0,0,0,0,0,0
2881,0,0,0,0,0,0,0,0,0,0
2882,0,0,0,0,0,0,0,0,0,0
2883,0,0,0,0,0,0,0,0,0,0
2884,0,0,0,0,0,0,0,0,0,0
2885,0,0,0,0,0,0,0,0,0,0
2886,0,0,0,0,0,0,0,0,0,0
2887,0,0,0,0,0,0,0,0,0,0
2888,0,0,0,0,0,0,0,0,0,0
2889,0,0,0,0,0,0,0,0,0,0
2890,0,0,0,0,0,0,0,0,0,0
2891,0,0,0,0,0,0,0,0,0,0
2892,0,0,0,0,0,0,0,0,0,0
2893,0,0,0,0,0,0,0,0,0,0
2894,0,0,0,0,0,0,0,0,0,0
2895,0,0,0,0,0,0,0,0,0,0
2896,0,0,0,0,0,0,0,0,0,0
2897,0,0,0,0,0,0,0,0,0,0
2898,0,0,0,0,0,0,0,0,0,0
2899,0,0,0,0,0,0,0,0,0,0
2900,0,0,0,0,0,0,0,0,0,0
2901,0,0,0,0,0,0,0,0,0,0
